75
0 1 2 34 0 46 9 71 64 0 42 41 56 9 20 0 9 73 0 61 73 41 0 0 38 15 0 0 54 0 57 59 43 0 33 7 22 0 9 59 0 54 15 42 5 5 52 55 64 0 72 0 6 3 63 32 73 73 0 14 54 0 60 12 48 8 0 0 16 0 54 14 5 60 0 
12 0 5 0 58 26 0 73 0 0 24 17 0 64 0 35 22 61 33 20 49 48 41 16 54 14 33 36 19 7 0 0 16 30 0 4 26 65 66 6 65 0 56 7 30 30 41 0 20 4 32 0 29 22 18 33 67 64 31 1 14 15 0 49 7 49 52 70 0 41 12 26 39 0 63 
47 41 0 0 5 0 72 29 73 0 47 0 0 32 38 16 56 56 5 0 36 0 61 74 45 0 13 5 43 42 5 0 0 46 72 53 50 52 11 0 60 0 0 44 67 25 5 68 74 67 26 3 43 0 28 50 0 0 35 53 28 0 0 39 0 30 0 0 25 0 0 2 7 0 43 
60 22 0 0 27 31 68 49 34 0 0 68 0 50 0 41 0 16 17 31 57 71 18 45 33 19 35 6 0 9 45 15 74 13 49 0 65 41 0 19 0 0 0 38 0 39 2 62 35 67 0 0 0 25 18 29 64 25 73 21 0 12 0 11 25 0 0 52 39 0 32 72 33 0 19 
72 13 9 66 0 40 24 0 0 54 28 7 0 41 47 0 13 30 56 0 17 0 0 4 54 70 51 0 18 69 0 11 70 0 50 61 0 0 55 73 39 27 21 0 0 25 43 57 72 0 10 30 34 44 0 71 73 31 0 66 72 0 0 10 0 0 0 0 13 0 41 40 0 67 0 
73 73 27 26 27 0 56 0 0 0 0 25 0 0 0 16 3 32 8 43 71 0 16 53 0 14 0 64 0 10 0 0 0 49 0 74 70 74 38 0 40 20 71 0 0 74 70 5 0 14 0 65 46 0 0 0 40 0 5 70 29 55 39 8 18 8 61 61 52 0 0 20 0 66 0 
59 62 40 12 3 16 0 60 73 0 52 37 16 0 58 72 18 35 48 25 45 0 47 23 0 0 54 6 55 38 0 13 0 57 0 0 40 71 7 56 70 0 39 8 56 4 62 49 9 56 56 65 70 51 0 70 23 48 36 61 39 0 0 21 0 0 63 13 68 66 0 63 39 12 50 
31 3 19 51 0 44 22 0 0 0 0 0 0 3 64 0 0 1 0 53 23 57 60 0 58 58 0 0 46 20 40 0 41 49 0 47 0 74 0 10 33 14 67 66 0 0 0 43 39 0 68 25 8 70 53 0 55 7 37 0 47 71 32 44 0 23 57 0 0 4 47 67 19 69 0 
61 23 0 0 2 0 63 0 0 13 29 40 0 12 17 0 19 0 32 13 0 9 0 38 2 13 0 47 43 51 0 37 0 70 64 72 0 36 61 57 58 60 60 46 0 20 0 32 5 15 0 50 14 0 51 0 36 0 0 0 3 8 0 20 18 53 0 0 30 19 68 0 63 0 63 
0 7 61 0 64 47 0 0 74 0 0 59 30 62 0 0 46 5 25 22 41 0 13 8 0 10 60 0 14 61 27 0 7 0 67 0 53 6 58 28 5 51 50 32 0 0 40 46 45 13 31 0 62 0 51 39 29 12 69 1 0 17 14 0 2 0 32 58 36 33 14 0 0 10 60 
0 71 37 0 35 64 56 59 49 58 0 0 50 54 56 11 0 0 39 19 58 57 25 47 0 28 0 0 61 34 0 26 19 0 0 14 66 34 20 0 25 41 0 29 23 0 24 0 2 0 10 61 67 42 0 53 1 60 0 29 0 0 0 24 0 0 18 0 70 53 42 0 0 0 72 
12 25 0 0 33 53 9 0 12 5 64 0 61 0 73 0 52 0 0 55 47 12 0 56 0 48 47 0 48 51 43 0 32 7 0 25 0 31 30 0 0 22 0 42 0 11 0 55 56 50 36 0 0 0 70 29 6 17 13 0 8 14 48 54 1 69 0 0 7 41 0 0 55 0 35 
18 5 29 19 40 0 11 0 44 45 50 61 0 21 35 9 0 0 6 20 54 51 0 71 12 0 0 0 54 26 44 55 7 0 0 28 38 24 0 0 0 35 0 46 0 53 23 25 43 53 0 0 30 3 56 61 40 42 60 4 0 0 0 29 0 32 33 17 74 47 0 0 53 11 41 
35 0 0 29 36 21 43 0 39 34 40 9 68 0 47 31 29 74 43 74 0 0 0 23 66 61 59 24 70 0 0 12 74 0 33 54 61 59 0 6 0 2 36 12 0 73 0 33 59 30 0 36 47 51 16 37 17 0 0 0 64 70 0 59 0 73 0 61 0 0 34 0 0 64 27 
0 12 9 63 1 0 18 48 74 33 42 32 55 0 0 0 71 0 34 0 68 41 72 0 7 28 45 61 50 0 73 0 0 0 73 15 0 1 36 0 59 0 0 0 56 57 72 34 9 14 51 67 44 53 66 62 24 31 64 0 0 1 43 0 0 0 5 37 0 69 0 12 38 7 0 
0 16 37 0 0 41 43 27 6 43 60 31 0 29 0 0 36 0 0 0 71 30 21 2 0 49 0 45 6 60 0 56 14 0 0 38 68 65 65 71 35 0 4 7 0 32 55 0 18 53 0 45 0 0 0 43 0 6 46 0 74 0 0 18 58 0 12 59 56 45 21 0 44 35 33 
0 0 5 12 38 27 0 0 22 50 0 20 20 67 24 0 0 0 16 66 13 0 26 0 2 0 45 62 38 67 0 0 66 0 54 17 0 7 46 0 0 50 46 60 34 70 39 0 33 69 0 0 35 74 61 73 36 69 0 14 55 36 0 0 50 16 10 0 69 35 0 72 56 0 0 
0 15 0 47 18 0 0 10 66 57 15 48 73 0 31 0 0 0 0 0 0 52 2 0 23 68 0 0 61 44 0 38 0 62 0 42 0 65 41 45 51 0 54 13 61 0 25 19 13 37 52 72 44 57 28 66 18 0 0 0 0 5 21 14 0 0 0 19 36 30 53 0 24 0 28 
45 66 0 0 0 34 0 18 70 0 49 55 43 16 69 2 52 54 0 5 0 0 30 0 67 15 34 0 64 50 56 32 0 48 64 6 0 0 13 10 0 30 12 53 45 44 0 0 10 2 66 0 0 60 55 0 30 37 20 65 0 24 0 55 0 0 5 0 21 0 0 6 44 51 65 
74 8 0 0 0 8 0 0 54 17 58 0 28 0 0 0 50 0 31 0 1 15 0 71 48 54 9 27 19 54 17 0 44 0 50 41 59 0 63 15 0 0 0 0 0 20 0 72 74 40 29 62 59 46 41 20 1 31 62 35 49 0 27 0 24 72 0 22 0 0 45 34 11 31 50 
0 61 7 31 59 0 43 10 0 0 57 0 0 15 35 25 47 0 0 13 0 28 57 5 0 73 5 0 0 18 69 70 54 50 26 0 0 31 27 40 0 1 67 0 21 17 0 12 0 44 35 52 0 24 73 35 0 55 54 4 68 0 42 18 12 41 23 73 0 17 43 0 19 2 4 
46 25 54 32 28 0 0 2 26 12 0 51 46 0 17 38 0 0 7 0 0 0 67 37 18 0 18 0 29 57 54 4 58 61 51 0 0 37 49 73 0 57 0 58 0 41 0 46 0 41 67 35 18 11 57 0 15 0 13 56 23 5 0 29 48 0 0 0 0 24 0 11 0 39 0 
37 4 0 0 39 36 0 0 22 0 44 59 47 0 41 0 0 73 0 58 13 0 0 0 0 69 37 30 0 7 0 69 31 50 0 8 0 10 5 0 0 46 0 0 53 62 57 46 12 16 73 67 0 0 4 5 24 43 9 35 0 0 44 47 33 0 68 30 72 11 0 42 0 59 10 
24 47 25 0 52 44 4 2 0 65 0 0 12 0 0 34 72 51 71 38 57 48 62 0 23 0 0 43 1 0 0 65 4 40 0 0 0 25 0 20 0 72 44 58 0 0 69 0 37 0 24 41 50 7 15 60 10 44 0 24 57 0 13 18 5 61 34 55 54 0 0 72 0 43 17 
65 71 19 15 26 53 23 11 71 54 55 0 0 55 0 30 26 73 32 24 0 70 70 16 0 64 0 28 0 56 0 34 11 0 0 0 31 48 0 0 17 35 12 40 26 0 48 33 0 30 58 7 9 0 0 71 0 24 6 15 3 0 59 21 74 70 0 0 44 66 0 18 67 28 42 
0 2 48 68 45 34 41 0 0 67 56 51 0 0 0 66 18 72 0 0 25 7 0 0 39 0 0 24 51 0 2 0 25 0 61 0 11 0 30 0 72 21 35 17 0 0 0 13 46 0 0 0 0 20 14 19 34 0 65 0 26 63 73 0 17 35 26 0 46 52 19 42 54 61 0 
71 0 0 42 52 0 0 51 0 17 43 47 0 2 51 42 0 14 0 0 10 48 23 1 30 0 0 0 0 9 0 44 68 21 58 16 35 52 0 0 0 47 1 52 0 68 14 53 45 29 0 0 0 0 0 8 26 0 0 0 3 36 9 32 70 19 20 21 19 6 44 45 0 23 13 
0 68 2 47 0 36 0 0 68 26 35 48 45 47 71 18 71 37 27 17 0 3 33 50 36 0 0 0 0 11 0 0 33 48 61 0 0 10 0 57 0 0 50 50 0 2 0 6 0 58 69 54 0 0 50 45 61 38 0 0 62 8 11 11 30 0 4 23 23 6 70 68 60 19 22 
5 36 71 33 58 35 34 0 30 11 69 46 28 73 35 67 41 56 27 21 64 52 65 0 61 43 10 0 0 0 33 0 0 19 14 51 59 0 0 67 71 0 0 9 0 47 66 0 0 9 40 34 12 11 59 55 14 16 0 27 0 0 0 60 0 17 47 0 0 0 31 45 0 55 49 
74 0 63 51 18 0 0 53 20 29 0 0 48 0 0 71 25 11 0 56 52 0 49 0 0 36 0 0 49 0 27 0 0 25 0 0 12 58 51 19 12 11 0 0 27 53 35 71 0 3 52 0 72 53 22 0 40 0 57 68 66 41 0 35 0 0 22 56 47 59 62 0 46 20 0 
0 0 63 0 47 0 13 21 23 45 6 25 71 6 0 29 53 54 14 27 62 0 3 44 0 51 57 0 0 0 0 66 4 74 61 0 0 67 55 50 28 4 51 64 0 38 42 17 48 47 0 6 0 0 36 39 49 50 53 4 68 33 0 74 0 26 60 0 25 46 13 0 6 0 0 
19 30 41 57 31 13 0 36 0 68 71 0 59 69 35 24 9 52 23 46 0 8 24 20 3 3 19 0 56 1 40 0 49 22 0 1 6 0 0 66 0 0 60 0 0 0 8 0 0 0 0 0 24 0 0 0 74 0 0 0 0 66 12 10 0 0 62 48 12 24 32 0 0 25 18 
0 22 12 33 70 68 0 0 54 12 4 0 0 0 34 45 17 58 53 23 0 68 0 0 19 32 63 0 25 58 41 0 0 0 57 29 2 0 60 4 10 0 63 36 0 17 32 23 42 68 23 61 21 10 51 0 49 0 0 0 54 0 28 6 0 11 15 46 0 1 20 0 0 54 0 
45 0 48 0 28 70 0 0 19 63 36 18 8 0 25 0 4 0 55 34 32 0 21 46 0 8 0 47 62 0 17 70 22 0 12 2 70 38 56 0 0 0 1 0 17 51 9 0 46 0 0 0 18 0 69 60 35 49 71 19 0 6 0 45 5 8 57 9 50 0 4 29 7 0 29 
0 41 38 66 0 0 65 11 1 14 12 0 18 44 42 10 0 9 0 0 6 6 69 10 1 0 14 0 45 25 29 73 22 50 0 10 32 0 35 5 30 0 41 0 35 63 0 59 8 0 26 53 17 41 4 13 19 20 35 66 16 72 0 0 40 33 0 22 33 28 0 60 52 56 61 
47 37 19 65 38 0 18 21 73 48 19 46 57 0 72 58 39 71 0 52 0 69 71 0 0 40 0 0 28 71 10 20 1 0 48 0 38 0 6 69 52 55 61 66 57 16 0 55 53 37 0 24 48 43 0 0 0 40 30 0 55 35 12 63 24 67 29 40 8 29 16 3 0 22 51 
65 0 26 0 0 0 0 0 50 0 72 25 0 3 0 50 7 21 13 12 14 10 73 0 23 8 42 0 48 32 12 0 73 27 58 41 0 27 0 0 71 57 0 8 73 0 15 1 1 23 0 0 4 72 32 70 59 35 34 40 42 21 64 40 0 28 39 0 0 0 0 66 4 0 5 
0 69 13 45 62 72 0 9 61 0 0 0 58 54 0 45 18 67 67 0 2 0 70 30 27 39 0 39 0 67 29 51 0 47 0 19 0 0 0 0 0 0 0 0 16 68 68 0 0 56 27 0 0 57 10 67 52 0 29 29 15 65 21 0 60 57 25 30 0 0 0 0 22 0 14 
20 24 31 0 0 26 0 0 0 66 18 0 4 17 43 51 5 7 54 29 44 0 65 0 0 62 31 44 6 1 0 0 41 0 0 0 1 25 0 27 0 0 30 65 68 55 54 73 0 71 4 0 0 0 0 42 14 15 15 66 0 59 25 69 0 71 26 70 12 46 0 43 0 24 24 
71 0 47 17 0 0 49 0 50 44 42 14 4 9 0 47 0 62 0 48 0 22 39 0 34 0 15 50 67 54 49 63 67 26 12 16 64 47 22 0 0 0 49 0 0 59 18 0 0 62 32 0 45 32 53 28 0 24 68 58 0 20 0 0 0 8 3 71 56 49 61 36 50 0 45 
0 55 60 9 0 58 44 0 0 46 0 45 44 0 5 71 2 63 0 0 32 0 0 30 30 0 5 0 18 47 58 0 45 16 59 66 0 56 55 0 0 0 0 63 0 28 0 49 65 0 26 54 0 29 0 54 6 23 0 47 11 15 43 0 44 0 31 0 15 68 0 20 0 0 30 
27 55 38 0 45 0 53 3 0 27 41 0 62 22 61 0 11 50 35 0 0 0 46 0 20 0 46 0 48 5 47 0 66 0 0 67 66 0 0 20 0 0 10 64 0 0 43 61 0 18 0 49 0 0 0 72 37 24 0 0 2 44 8 15 27 0 7 0 61 2 0 45 66 0 64 
58 0 58 12 0 0 46 0 66 55 53 29 0 0 43 13 72 38 0 0 41 40 64 46 59 0 0 60 0 0 70 0 25 51 0 50 70 51 0 42 0 64 0 11 4 58 32 0 10 41 0 0 63 65 71 15 35 0 59 31 14 69 48 1 39 62 51 62 0 8 0 74 64 5 12 
54 35 44 29 15 73 59 14 30 63 38 36 23 0 0 0 0 12 34 7 48 0 35 73 43 28 60 26 0 68 0 10 38 61 55 0 25 19 7 70 0 28 0 0 33 0 38 0 46 55 14 73 52 10 4 0 52 58 0 0 51 0 16 0 33 28 73 0 0 65 1 69 0 21 0 
59 0 69 40 42 66 17 18 42 61 14 73 2 46 10 0 52 39 63 62 5 41 45 11 0 37 0 74 0 31 27 0 60 27 17 54 0 8 4 0 70 35 0 15 0 0 5 58 0 0 39 0 5 18 29 0 0 48 64 69 3 10 45 20 59 0 30 4 61 39 20 21 21 20 0 
6 5 0 0 29 37 68 49 5 0 8 0 30 9 13 0 6 70 28 29 52 74 43 0 73 0 55 0 26 0 15 0 0 0 0 0 0 22 0 35 50 2 0 68 0 0 74 36 73 64 0 0 0 16 43 0 74 15 58 48 58 0 18 0 2 55 0 63 67 7 0 0 8 0 0 
0 0 72 70 0 35 36 0 0 63 47 40 23 58 0 0 15 53 0 39 0 0 54 41 57 0 2 0 51 71 58 49 6 0 0 57 70 11 22 42 0 5 0 6 26 0 0 74 0 49 0 26 31 0 12 0 0 37 18 0 7 35 11 0 48 39 29 0 49 0 0 46 0 45 53 
0 23 0 7 0 44 70 0 70 45 0 6 9 14 37 30 23 0 0 0 22 42 15 15 0 37 10 0 57 15 0 16 37 33 13 57 64 0 22 31 37 0 43 0 0 0 0 0 51 22 0 0 24 6 28 36 0 24 36 66 0 74 69 0 52 21 35 34 21 7 0 0 72 27 2 
0 50 48 61 49 0 0 0 22 0 70 37 55 0 10 32 0 25 52 0 0 43 0 60 0 44 29 42 0 33 0 66 22 55 70 70 15 68 67 0 27 67 0 74 25 59 0 43 0 17 0 2 27 54 66 0 17 27 67 0 36 15 29 56 1 47 74 0 13 72 65 4 32 0 0 
0 0 0 0 0 57 6 12 44 65 0 5 13 20 49 72 3 68 38 0 57 0 69 0 5 74 64 0 72 54 0 0 45 0 55 32 0 3 44 14 33 23 47 0 0 60 24 8 20 0 63 16 0 0 52 67 21 2 72 0 19 49 32 68 28 8 70 20 0 40 34 31 51 5 73 
39 0 54 6 0 13 0 6 0 7 0 58 0 54 0 0 25 51 61 7 62 11 60 0 46 40 38 3 12 0 48 26 0 0 0 5 0 35 54 70 50 20 0 8 0 8 0 58 0 0 0 30 62 16 13 0 53 57 0 0 55 43 0 43 42 43 0 0 21 46 0 54 0 0 0 
0 0 2 56 0 48 0 70 20 28 56 34 25 73 0 0 0 0 18 0 0 12 51 73 68 0 10 26 6 27 9 41 32 0 0 0 0 13 66 0 27 64 58 52 32 3 63 0 27 62 69 0 17 0 15 63 41 17 0 61 0 68 72 0 24 0 0 6 27 0 53 64 54 0 61 
4 66 49 12 32 50 12 16 0 0 27 25 31 33 17 68 44 74 0 67 32 0 17 2 66 40 72 71 0 54 31 34 64 41 54 41 0 41 73 51 51 5 58 0 7 8 19 36 68 0 13 62 0 29 0 34 0 2 0 0 0 28 0 7 0 3 0 20 0 0 38 20 43 7 52 
0 0 3 0 0 0 0 71 45 3 0 8 0 0 11 0 0 52 0 0 0 0 64 70 5 66 0 28 0 46 9 0 0 25 0 0 35 62 20 0 19 18 66 16 11 4 25 49 0 0 68 0 0 0 27 7 19 0 0 0 0 0 0 20 8 32 30 0 0 70 62 51 44 0 41 
53 16 0 65 0 0 57 0 11 0 12 14 74 28 6 56 66 0 3 57 35 60 0 73 30 54 71 7 74 0 41 51 14 15 0 14 1 18 32 0 7 0 66 71 0 8 40 0 9 22 13 57 0 0 0 18 48 0 0 26 38 0 20 6 69 14 58 0 0 37 0 0 0 0 60 
61 50 0 12 8 53 0 15 32 5 6 38 0 24 4 38 44 38 0 0 45 1 3 0 7 0 47 63 0 0 51 3 60 8 1 0 18 0 0 65 0 64 64 26 67 58 35 11 0 0 4 27 58 2 44 0 38 0 50 11 0 30 61 62 18 61 0 37 54 62 28 63 8 0 0 
14 0 24 70 56 0 39 0 56 0 68 0 13 40 22 0 16 74 5 0 38 28 39 7 0 71 23 17 0 18 57 0 0 68 74 36 0 0 0 9 0 22 0 0 50 0 0 59 34 8 33 47 0 41 0 36 0 34 0 0 30 0 0 73 19 4 0 0 32 12 39 48 16 19 33 
0 31 34 51 56 34 4 73 28 0 24 42 68 0 4 49 0 4 42 19 38 0 64 68 3 33 18 0 12 0 63 40 63 32 18 43 8 53 54 47 17 47 64 47 0 5 46 63 14 44 30 0 14 30 68 34 0 0 42 0 43 9 0 24 26 24 0 0 27 27 0 47 0 0 6 
64 0 18 2 68 14 57 0 20 0 16 52 46 60 35 0 68 0 0 55 74 0 0 5 0 48 0 56 16 0 28 28 67 22 18 19 21 0 65 30 20 23 25 25 0 7 0 61 0 0 0 0 9 0 34 47 8 29 0 20 4 70 0 58 2 66 0 14 18 23 61 12 5 69 37 
0 0 32 71 0 0 60 74 69 21 70 0 0 66 0 38 0 0 18 69 0 0 0 0 0 20 0 60 25 0 40 12 0 21 52 0 25 0 62 0 68 0 73 0 71 30 0 58 0 54 29 25 61 0 10 63 9 0 0 0 6 70 39 34 0 0 0 23 60 44 14 48 50 72 26 
0 18 0 35 7 0 0 46 0 0 41 66 67 8 0 18 58 12 70 44 73 54 0 28 0 42 22 0 0 0 26 34 5 36 22 59 13 30 61 0 13 59 27 0 41 8 54 71 0 19 0 0 39 63 21 65 48 47 30 37 0 14 0 66 65 58 0 44 43 6 26 47 0 53 15 
46 67 0 5 31 0 23 0 19 17 23 67 70 0 53 13 0 15 0 7 0 54 0 69 2 0 16 0 29 35 44 10 11 0 0 50 0 0 0 51 0 19 72 8 1 30 0 73 51 13 0 53 51 0 74 0 0 53 0 4 49 0 36 54 31 9 15 43 11 35 38 16 56 62 9 
36 38 20 47 47 0 0 0 4 28 9 16 10 60 44 74 66 50 27 60 0 50 36 0 27 26 48 0 72 0 0 67 32 0 0 39 56 1 70 0 43 67 0 4 19 70 0 41 0 21 0 2 19 49 38 37 0 33 0 5 0 0 0 0 0 5 47 0 0 0 21 52 34 33 0 
43 3 53 35 35 4 68 10 51 0 41 62 0 45 0 5 0 50 16 13 0 17 64 36 46 0 1 30 53 42 0 0 58 4 45 45 3 59 0 0 0 0 0 8 13 32 6 42 56 16 56 70 54 19 66 67 0 0 38 37 45 0 51 0 45 0 33 0 0 0 0 17 28 19 20 
38 73 8 0 38 0 2 19 0 0 65 70 0 23 45 47 61 28 0 33 70 0 15 12 0 0 9 74 0 33 58 0 0 25 63 53 72 47 0 74 0 0 13 50 0 30 0 68 72 0 70 69 41 34 45 41 7 37 45 0 29 16 9 0 0 13 0 26 8 34 15 4 73 27 46 
14 0 15 0 0 6 26 23 0 0 44 0 36 37 0 0 0 63 24 15 2 46 55 43 70 60 35 33 0 32 33 66 66 72 0 72 71 58 69 22 0 59 71 0 15 30 0 51 60 68 0 50 0 9 0 0 0 70 3 25 0 6 64 47 45 0 0 60 49 53 33 0 49 27 66 
46 0 51 0 60 0 29 70 31 1 63 0 7 29 73 37 48 0 46 0 65 30 25 49 0 36 49 61 39 46 31 48 35 68 19 17 69 21 37 44 0 32 0 11 52 37 40 0 0 0 74 44 19 19 46 33 19 68 0 4 66 58 0 54 50 0 0 64 34 58 34 46 4 23 45 
0 9 0 4 36 22 0 2 8 30 27 56 0 37 72 65 38 5 2 28 51 10 2 30 63 0 0 41 0 71 31 45 12 52 0 41 33 64 15 0 63 62 71 71 51 66 30 42 28 2 0 0 34 0 44 22 0 27 15 0 39 0 0 4 26 0 53 0 0 66 3 0 0 4 0 
21 23 66 0 42 70 0 57 57 0 0 0 0 37 0 26 26 0 9 56 9 68 0 0 22 51 0 16 21 0 0 57 10 5 0 61 6 27 0 32 0 65 14 53 0 0 0 0 0 0 0 35 67 0 20 12 33 0 0 0 0 15 0 7 56 45 0 0 0 0 51 42 70 67 0 
0 27 0 0 19 67 0 0 20 0 0 27 0 74 0 4 0 0 6 63 0 44 1 0 14 1 64 0 48 34 0 56 0 17 1 10 12 50 59 0 0 10 6 0 0 0 64 0 61 0 0 0 36 0 12 0 74 57 69 62 66 61 63 35 44 32 1 22 0 0 0 48 33 62 0 
51 63 57 0 69 16 52 0 26 70 0 42 73 16 51 0 56 73 42 0 61 63 39 41 8 44 0 0 0 62 0 20 0 48 0 0 19 0 0 34 32 0 68 52 52 0 25 23 22 0 32 0 0 0 26 52 0 47 0 0 0 37 0 0 71 6 40 10 0 39 0 46 43 55 0 
6 52 16 4 22 35 23 0 52 0 0 52 0 33 5 33 30 0 52 48 54 0 0 73 49 0 61 10 63 0 54 0 0 42 0 8 0 9 60 31 6 0 69 0 0 55 0 21 51 0 0 10 50 33 31 13 57 0 64 32 60 68 0 10 66 11 0 64 0 6 30 0 7 0 0 
33 0 30 0 53 0 38 58 66 20 0 0 14 38 27 7 63 0 0 27 61 0 0 26 26 68 0 68 16 36 0 0 48 68 45 23 19 6 15 44 50 67 0 60 48 71 33 24 0 14 67 46 30 71 62 0 38 0 3 30 64 11 0 50 63 17 73 8 0 0 51 0 0 0 17 
0 4 46 0 0 64 0 72 0 0 39 13 29 0 64 18 66 0 26 50 20 12 0 0 9 63 0 0 24 0 63 2 48 22 41 14 46 53 10 14 15 28 0 44 52 0 12 11 0 8 24 52 28 67 54 53 15 18 4 27 69 7 61 53 32 46 8 58 0 23 22 53 0 0 0 
45 43 73 16 51 37 3 52 59 66 0 43 49 0 45 13 63 30 0 65 0 1 42 54 54 0 0 52 12 72 34 51 6 0 54 0 13 27 45 66 0 46 34 43 0 0 44 30 0 8 21 0 5 0 0 55 25 0 37 32 0 67 0 24 0 38 13 42 0 0 0 0 40 63 0 
