150
0 37 50 41 0 66 107 123 26 11 5 89 0 0 13 79 26 124 57 32 57 0 0 8 95 0 113 74 29 0 0 0 117 143 0 62 0 83 48 94 0 102 34 0 92 10 10 96 0 115 89 95 39 0 85 54 0 127 88 58 27 135 0 0 148 61 0 0 0 0 0 127 70 117 0 0 49 0 0 0 96 44 43 114 0 0 121 8 138 0 69 0 0 0 103 99 87 112 0 124 35 0 1 46 0 142 97 34 51 94 120 54 69 0 135 0 141 8 0 0 0 0 67 0 80 0 108 40 0 106 0 55 0 0 0 95 15 15 74 109 73 123 51 0 17 58 33 0 48 60 
136 0 0 0 143 60 0 96 0 0 0 7 0 12 88 105 0 40 31 50 42 46 30 0 137 75 37 37 9 0 23 86 0 25 54 70 23 129 133 60 0 78 0 113 4 114 28 105 138 90 83 82 0 0 145 0 77 16 90 108 67 0 0 88 31 9 71 145 0 32 56 118 36 45 0 114 108 97 0 74 43 0 75 46 0 139 104 125 5 0 0 26 115 148 0 143 0 0 103 13 92 83 0 86 72 83 5 0 37 67 8 56 0 121 0 141 74 0 0 0 13 28 0 71 54 141 31 102 27 104 0 0 0 0 137 29 28 91 6 113 17 1 35 129 0 47 0 1 149 92 
46 111 0 14 0 5 107 66 103 97 134 48 43 0 0 137 0 108 130 58 103 39 0 0 3 0 0 129 32 0 0 115 128 95 46 99 0 91 0 67 83 0 76 64 0 107 0 11 114 20 17 47 5 0 6 0 51 0 92 51 140 0 55 0 13 65 147 97 0 124 68 75 147 15 96 0 0 105 63 56 0 64 0 147 131 0 0 0 0 12 21 0 19 37 15 14 0 6 18 117 74 141 68 7 127 0 114 0 0 0 73 0 115 81 38 94 0 66 31 141 45 33 0 0 116 101 76 0 149 17 51 54 88 115 0 0 90 63 81 100 0 41 27 0 5 0 0 123 0 0 
0 82 141 0 103 57 0 10 0 138 38 125 147 0 0 81 0 124 0 0 62 120 0 3 14 134 0 127 0 0 119 125 0 26 6 0 90 54 2 0 57 0 128 0 44 12 0 0 71 24 90 28 149 45 114 53 0 38 0 110 0 116 84 0 103 89 105 98 46 35 21 52 99 51 100 20 0 87 0 0 144 0 0 37 85 62 118 0 0 0 29 14 101 20 0 0 56 0 19 110 44 0 0 0 26 103 123 33 138 1 0 128 0 0 0 0 117 40 27 128 52 32 56 0 106 132 115 0 148 0 0 137 135 141 28 70 13 0 0 71 0 0 0 60 13 139 0 27 101 48 
97 118 0 58 0 0 36 58 138 0 137 0 0 0 87 105 89 0 100 34 49 0 137 4 0 0 0 119 0 55 124 53 0 18 0 44 0 86 0 52 1 12 0 109 17 48 52 75 46 85 46 0 145 11 19 90 0 101 0 16 39 136 0 116 128 0 58 12 12 128 72 0 19 0 149 104 140 79 22 129 0 0 120 39 128 0 0 4 88 0 70 128 134 0 0 0 0 91 138 42 0 0 0 3 74 0 0 0 26 0 22 7 0 0 0 91 48 0 28 0 0 39 80 109 71 68 51 122 124 120 54 17 143 119 134 0 15 48 19 56 0 8 0 27 23 140 34 0 126 93 
97 143 46 74 124 0 0 13 83 43 0 33 0 0 5 0 108 109 101 91 57 0 72 0 105 75 75 115 68 116 0 125 9 44 65 32 73 14 101 22 104 128 43 0 46 17 0 87 147 0 35 82 0 43 23 56 67 129 0 21 25 66 118 0 26 0 45 128 95 43 0 112 148 88 0 0 39 41 41 95 0 0 52 20 0 106 140 139 5 0 134 70 0 0 0 24 49 27 64 0 0 0 32 46 0 0 21 93 0 9 123 147 30 1 9 122 65 117 0 73 0 0 118 40 118 115 26 127 0 86 70 87 19 39 105 0 86 50 133 14 97 90 123 51 131 0 80 133 117 25 
37 115 36 65 0 139 0 15 90 0 37 0 73 113 0 75 109 0 147 63 100 130 8 25 92 141 97 50 0 123 105 0 19 11 118 30 108 78 63 0 107 77 138 135 125 0 30 80 91 6 23 0 107 0 41 149 0 43 0 0 121 95 16 79 0 21 120 30 125 42 7 36 0 0 30 0 128 137 0 143 0 0 0 101 37 0 0 110 0 66 0 0 134 3 69 41 0 112 111 114 26 57 0 0 104 0 16 112 0 0 75 8 45 68 59 94 123 101 25 63 8 142 82 67 0 103 0 4 112 0 76 0 0 108 12 0 14 113 77 18 138 0 101 71 0 143 10 143 30 0 
64 31 0 0 0 129 124 0 21 0 0 0 0 72 94 140 0 0 0 4 44 0 7 101 54 0 23 0 112 47 47 58 102 0 0 0 78 98 22 0 0 0 0 36 0 69 107 135 0 124 39 0 19 112 0 0 93 134 0 0 0 81 0 105 87 63 0 75 40 72 56 144 0 120 91 27 83 71 0 0 41 94 135 33 26 0 103 94 111 69 0 54 16 58 19 8 37 0 0 91 110 134 111 0 149 93 148 0 20 34 140 0 0 82 52 0 145 0 52 0 90 0 0 122 111 108 0 0 14 136 108 91 88 124 34 0 8 147 0 61 103 0 142 0 0 82 56 21 133 106 
0 0 129 0 38 82 119 95 0 0 1 0 5 0 95 126 138 85 0 102 29 98 105 0 45 0 1 0 0 0 77 1 16 0 0 126 0 28 58 0 14 0 0 128 0 0 59 93 17 0 61 123 103 112 0 129 0 106 144 114 0 0 30 23 106 116 136 100 32 0 110 78 96 123 51 136 103 0 0 0 101 0 0 30 0 0 0 0 119 37 0 131 0 85 129 0 0 0 2 0 63 25 132 108 103 28 0 0 38 0 0 95 0 0 14 60 109 146 69 66 71 16 143 0 1 114 55 22 75 147 0 0 61 0 0 71 63 0 118 68 76 84 102 149 42 67 24 7 69 0 
0 83 96 1 68 91 5 69 138 0 67 88 110 110 0 14 30 107 139 93 69 76 80 39 0 0 0 66 0 0 0 0 148 0 9 62 2 0 23 0 64 74 102 17 130 0 0 12 0 29 68 0 4 148 64 112 99 13 87 31 25 148 107 32 105 109 0 0 60 0 13 10 47 29 57 0 28 110 21 97 143 0 31 56 144 2 0 130 62 0 139 0 0 0 60 0 54 125 64 127 116 42 78 147 134 0 0 18 127 100 0 0 114 43 0 0 71 19 50 113 88 98 59 0 81 96 90 43 0 149 20 117 0 98 106 93 37 84 0 74 0 0 0 52 78 105 56 78 69 84 
73 47 65 0 30 0 40 132 0 36 0 29 17 123 118 0 79 115 0 0 0 9 14 0 144 107 136 0 0 115 40 89 45 0 0 0 0 38 118 136 0 112 74 92 114 0 0 119 23 0 126 54 145 97 105 0 71 83 0 3 87 8 82 0 34 104 143 0 134 118 92 148 141 68 73 6 0 74 123 134 125 59 0 0 135 134 145 134 100 39 16 35 126 11 0 39 118 0 94 116 32 0 75 23 104 15 79 142 66 35 4 0 121 132 0 114 44 145 0 142 20 23 109 0 82 78 2 55 32 2 89 112 141 74 0 0 0 0 77 17 0 12 0 138 57 66 0 0 86 0 
129 108 0 0 67 41 18 0 39 41 20 0 134 82 106 0 122 110 0 0 23 0 1 67 5 8 97 121 0 0 83 142 9 0 0 94 125 83 19 56 0 75 147 36 141 139 0 84 0 30 91 36 0 100 63 129 128 0 102 55 0 108 147 0 81 120 147 122 0 96 0 0 10 70 0 11 119 132 50 114 6 146 21 0 60 141 54 0 0 0 47 117 66 41 0 132 0 136 145 103 0 94 0 0 31 5 0 62 63 0 30 92 13 67 40 46 0 0 10 67 10 144 88 132 0 132 123 0 0 122 15 93 124 85 142 112 0 43 72 37 0 134 48 94 0 0 14 67 0 56 
15 96 114 6 52 56 10 43 0 146 0 45 0 31 61 0 43 0 82 131 14 126 54 0 81 48 91 61 9 36 54 46 109 105 19 67 76 0 0 58 82 0 95 0 139 131 76 82 59 0 139 70 97 118 45 67 139 101 89 135 48 120 17 0 126 133 16 0 91 148 131 0 145 25 26 103 5 0 0 0 120 18 25 112 120 114 124 0 63 13 61 41 10 61 86 0 117 66 127 26 124 113 49 19 0 123 0 100 25 107 83 0 3 0 0 81 99 0 143 28 103 0 94 0 0 0 122 0 0 124 83 7 61 0 40 56 18 0 54 15 33 44 32 32 0 0 59 0 95 98 
66 3 0 0 146 49 73 0 0 122 78 44 5 0 0 140 100 0 85 0 0 95 0 0 0 76 144 0 0 0 0 123 103 128 23 0 81 5 103 0 68 95 0 92 141 59 0 84 23 0 7 82 0 0 135 0 133 0 0 85 138 14 67 0 61 0 83 87 0 94 124 54 111 105 0 44 0 81 0 0 93 85 0 27 19 0 0 48 128 0 83 0 2 63 0 104 0 14 0 0 0 49 0 0 0 48 131 0 130 6 98 0 134 117 0 144 65 0 0 149 0 0 0 63 0 0 107 0 122 0 84 0 120 130 0 120 87 134 0 135 74 0 0 14 72 0 25 59 138 0 
10 0 0 17 91 0 123 88 110 45 90 0 115 63 0 0 57 0 111 60 0 26 0 0 136 48 127 100 0 23 36 35 85 91 0 62 80 138 0 84 0 93 53 0 52 66 111 0 86 0 111 6 137 0 0 145 111 0 43 0 124 32 84 0 41 0 87 125 91 78 0 0 79 0 0 0 147 0 95 33 89 12 64 37 42 140 0 23 143 132 19 0 0 19 0 110 134 61 57 82 0 111 0 41 54 49 0 79 25 117 71 125 23 0 45 0 0 133 95 11 0 43 58 110 146 0 71 50 129 0 102 0 97 118 14 26 0 33 141 42 136 75 4 0 58 64 0 142 58 0 
112 27 75 0 0 57 0 146 133 73 123 0 0 0 116 0 147 108 66 0 84 126 8 0 147 16 82 85 0 143 105 0 148 0 0 59 149 143 51 74 41 0 92 30 137 106 77 133 0 54 0 144 0 0 10 138 45 60 43 109 0 62 137 69 67 17 69 0 89 82 0 111 0 128 24 31 37 117 0 0 75 56 40 96 20 55 0 145 80 53 98 0 21 0 85 1 0 2 49 56 0 85 110 0 0 34 13 38 74 21 0 0 0 56 129 0 51 76 0 0 113 15 89 0 67 46 0 35 96 0 81 140 109 0 0 99 0 53 128 0 0 5 98 93 49 0 48 7 19 0 
0 0 139 0 122 136 0 130 72 0 88 144 36 25 1 0 0 0 133 36 0 130 133 0 83 96 7 13 141 91 0 144 0 0 33 105 0 117 0 17 0 137 37 0 0 80 97 96 16 137 132 88 12 101 15 11 75 37 69 144 73 36 0 135 0 0 61 0 143 0 31 21 94 0 0 0 67 100 0 0 143 0 5 47 6 0 10 111 64 91 119 91 130 28 9 61 44 125 50 43 74 46 0 25 0 24 37 0 0 0 9 0 7 67 7 0 126 95 66 31 33 149 124 53 0 8 138 94 89 0 116 0 0 89 0 62 34 103 0 0 109 92 69 101 49 0 0 64 13 0 
97 127 132 0 140 0 73 37 0 0 113 115 28 53 118 0 54 0 50 139 1 0 0 145 118 88 35 19 80 50 0 147 140 133 43 113 101 54 148 0 60 115 4 0 72 0 129 87 65 0 24 92 29 36 143 0 0 0 142 59 126 23 0 0 0 89 40 141 71 85 130 77 136 0 41 0 0 63 0 145 26 144 132 139 0 0 114 0 0 96 53 0 76 58 0 113 19 144 75 103 0 105 122 4 60 114 0 84 0 0 127 128 30 141 0 0 93 0 64 62 39 87 44 96 73 144 0 67 0 0 108 13 87 48 6 0 0 89 89 0 0 101 71 0 0 4 148 10 89 0 
116 0 145 27 0 136 23 0 0 145 50 63 0 0 140 87 132 0 0 22 0 42 31 35 0 90 0 0 4 0 0 47 69 0 63 0 118 0 97 0 40 105 0 51 0 0 134 124 0 64 149 65 38 106 145 134 88 144 138 62 147 0 56 149 46 89 0 101 11 3 99 67 0 49 0 0 0 0 29 25 0 0 73 0 0 85 0 37 25 78 132 141 106 107 95 22 27 125 63 139 0 96 0 129 121 31 22 0 33 9 58 82 90 63 88 145 0 0 129 0 0 0 0 92 118 0 64 65 94 25 0 58 110 138 113 0 0 19 50 0 2 0 55 116 78 59 19 0 92 143 
144 27 15 15 0 19 141 0 0 0 6 97 100 127 86 94 84 39 0 0 0 5 42 101 140 0 79 61 91 37 146 108 0 0 49 35 0 85 132 45 95 0 117 62 0 127 115 86 0 0 18 137 14 82 0 0 71 7 94 61 58 116 120 121 24 101 124 25 125 30 0 21 0 44 3 21 0 0 72 0 16 12 0 89 144 0 0 0 40 0 0 0 126 46 0 0 0 0 149 119 147 123 118 73 0 0 56 45 0 0 136 1 27 145 107 131 93 127 40 62 0 0 8 141 141 101 148 0 54 0 93 67 32 116 86 25 123 72 41 112 0 98 57 0 121 68 49 0 98 0 
0 126 0 0 0 0 0 0 0 105 0 0 0 100 12 114 64 33 111 95 0 83 2 51 131 56 149 65 36 43 0 46 0 0 76 47 0 142 45 83 0 70 26 55 64 50 0 96 100 7 0 130 108 0 62 5 0 32 145 68 122 99 96 105 87 84 126 83 34 139 0 90 0 81 91 120 54 0 88 79 96 138 135 0 55 28 0 0 84 123 0 114 144 108 0 14 137 60 0 0 0 13 21 109 70 36 108 135 0 46 9 105 100 30 140 36 90 40 0 103 101 148 0 113 94 79 0 8 0 0 0 74 125 98 70 0 16 8 73 90 0 0 29 0 0 123 75 25 77 93 
131 0 81 40 0 132 23 0 91 57 27 0 57 97 0 0 0 141 143 0 0 0 21 0 145 101 119 0 87 74 17 21 101 0 149 91 134 69 147 71 37 37 0 3 26 107 116 125 142 0 3 9 86 47 0 66 130 20 0 0 48 63 12 0 26 0 21 94 135 33 0 59 0 100 112 110 137 10 75 0 25 66 0 53 46 10 119 0 98 37 0 18 45 13 112 0 97 56 66 6 76 122 0 58 25 38 0 59 13 0 99 0 0 116 147 0 99 0 79 94 135 87 28 83 67 80 18 0 0 125 78 91 0 137 0 0 9 0 91 42 37 63 117 19 49 0 0 70 40 103 
20 0 0 133 8 26 138 87 0 0 10 0 0 48 0 47 0 139 23 39 42 0 0 38 0 117 61 99 47 60 39 145 120 80 0 74 109 0 29 44 0 0 0 110 62 144 0 148 0 111 32 0 33 149 26 0 58 111 145 91 103 0 0 0 0 0 0 0 0 31 148 96 140 31 39 39 138 0 0 39 54 0 88 0 67 32 147 33 148 0 140 44 0 115 15 90 0 81 76 0 100 82 0 0 0 70 72 128 113 0 72 0 72 0 45 110 82 45 98 90 59 3 0 149 62 86 4 83 67 113 136 22 95 40 56 0 0 2 66 86 34 0 51 0 57 57 0 117 68 124 
0 15 19 50 90 0 71 6 16 0 136 121 39 95 102 2 0 0 54 113 115 0 76 0 149 62 142 27 32 95 9 0 0 11 124 127 145 29 0 0 7 0 84 61 71 0 51 4 43 86 93 0 0 144 132 0 0 102 149 116 6 65 13 2 0 13 83 145 0 0 118 0 38 0 27 67 7 0 140 47 28 115 55 0 7 28 28 128 86 136 48 0 46 103 102 99 116 21 0 23 33 0 113 0 66 143 23 46 114 19 0 0 31 142 0 28 110 127 0 127 81 146 24 0 61 0 133 0 0 112 0 124 0 55 128 55 121 124 0 0 149 91 20 45 0 117 111 0 0 0 
9 146 0 30 0 0 49 75 69 0 55 0 0 29 5 143 134 0 103 81 0 0 132 0 0 0 48 78 0 0 0 28 0 53 149 108 3 18 0 0 0 0 0 25 0 58 101 112 78 69 138 29 0 24 0 121 121 16 42 144 58 55 81 13 7 0 0 21 0 73 0 135 96 0 111 48 77 0 70 21 125 138 0 111 0 55 6 2 4 0 143 108 29 149 0 149 0 0 0 128 93 0 125 58 119 117 33 0 27 149 0 60 138 0 113 0 0 0 0 47 0 112 0 0 0 123 116 122 0 0 19 0 8 74 0 43 20 60 0 18 130 70 0 105 30 120 0 97 129 112 
36 62 43 102 0 0 102 0 0 48 147 148 0 64 73 126 50 136 0 13 0 20 82 6 142 0 0 0 94 0 147 98 141 44 0 0 0 0 26 141 43 7 0 71 0 0 76 0 0 3 115 0 34 95 38 10 122 94 13 93 0 89 51 98 7 0 121 56 29 0 17 147 73 28 0 0 67 0 0 75 123 125 0 54 0 62 76 141 14 0 0 99 61 0 42 137 3 64 93 0 0 47 48 73 37 117 43 98 109 121 122 0 38 66 76 57 0 52 102 137 0 0 55 0 126 0 0 40 72 43 0 113 0 10 112 122 111 99 0 1 0 95 38 138 84 96 102 81 107 137 
0 9 122 15 148 8 0 0 58 128 0 88 62 0 0 60 0 110 0 127 0 0 26 0 147 24 0 0 98 34 96 135 96 65 0 98 74 0 113 32 29 0 75 0 77 136 0 95 0 0 0 144 0 8 32 0 0 0 0 13 41 138 0 0 82 43 0 44 6 0 52 0 63 105 53 28 0 116 124 31 0 0 72 49 29 121 27 3 117 0 15 0 0 111 68 144 0 54 99 123 128 0 10 0 17 0 0 0 3 22 92 0 102 53 66 0 31 63 10 61 121 76 81 7 6 149 135 0 74 35 0 0 134 113 85 115 113 107 87 141 0 0 137 0 0 7 79 18 37 67 
0 0 0 49 66 140 0 101 127 24 0 0 91 0 56 0 13 62 72 0 0 0 0 107 22 0 0 0 0 111 27 0 2 0 60 101 134 0 0 69 94 102 134 0 90 76 120 0 7 43 0 47 137 65 0 0 78 142 0 0 36 33 55 129 100 81 0 136 73 0 121 56 44 0 43 0 0 128 26 72 125 60 1 140 0 123 0 42 63 27 0 84 132 48 59 126 0 83 136 60 88 0 0 0 79 12 113 0 0 0 87 109 0 80 0 123 39 0 48 0 134 74 0 100 131 108 28 0 0 147 37 0 140 136 57 80 0 125 0 0 14 30 0 0 51 0 0 31 34 0 
75 0 0 111 140 0 96 131 0 38 0 35 107 108 0 0 60 0 77 20 0 133 100 2 0 149 8 0 0 2 0 0 0 0 25 0 0 84 144 136 0 0 13 0 0 0 0 92 0 32 0 2 0 0 0 129 53 0 12 105 52 111 59 0 0 138 126 21 0 144 2 13 46 2 129 0 33 37 123 107 113 10 0 33 128 49 115 120 126 0 0 0 107 30 135 134 0 109 112 107 0 37 71 0 11 142 78 70 0 5 42 0 117 62 59 84 84 0 83 0 0 0 0 0 0 97 102 146 77 99 0 0 83 143 0 25 115 95 147 65 94 126 0 18 0 22 0 0 42 106 
38 0 0 103 108 45 0 0 112 93 70 87 37 88 71 17 31 99 147 16 108 31 130 144 122 29 117 0 138 0 33 0 0 0 44 3 127 144 51 0 58 38 39 0 0 0 76 60 0 52 0 0 0 85 0 58 56 43 0 76 0 144 125 146 97 80 0 0 23 84 0 62 93 99 136 88 138 68 0 132 74 66 125 66 0 84 20 52 0 0 80 0 66 14 0 35 23 0 0 5 21 25 0 0 0 113 81 0 41 0 107 132 41 40 16 109 5 75 76 24 13 3 84 72 69 0 95 77 0 0 135 0 0 113 0 50 79 136 39 6 0 62 0 73 0 123 123 0 130 0 
75 82 30 33 80 139 57 49 32 79 0 0 0 0 118 64 145 6 104 123 0 0 67 9 0 17 121 130 142 41 0 71 42 0 0 0 96 73 0 0 0 18 58 3 0 139 101 0 107 0 5 0 7 93 10 113 67 85 0 100 146 19 0 35 63 0 0 0 0 103 0 17 73 148 106 96 76 0 0 134 107 0 0 0 0 37 32 43 0 116 5 111 134 46 0 60 116 106 105 46 50 12 0 0 148 3 91 32 0 0 141 0 128 0 149 6 0 72 3 69 0 139 139 0 14 103 128 54 42 136 109 80 149 0 112 113 80 113 120 0 55 6 62 3 51 133 128 146 0 0 
116 133 64 92 46 0 65 33 63 56 127 48 0 0 111 113 113 145 0 74 113 127 73 44 135 78 88 132 118 130 40 0 0 0 148 71 0 123 0 55 1 0 0 145 141 47 22 0 0 101 0 132 117 43 0 0 0 38 122 121 133 19 10 124 0 0 137 71 12 131 98 100 13 11 7 0 135 149 0 75 81 0 0 0 54 61 40 38 11 0 34 131 0 66 26 0 0 109 147 45 137 84 115 133 85 43 134 136 112 0 0 0 108 26 90 59 35 0 42 67 0 0 0 0 75 8 0 72 102 65 0 48 64 0 128 37 142 53 79 0 0 95 10 0 0 128 0 74 38 5 
0 44 91 122 0 0 85 79 0 28 120 11 0 0 80 25 0 126 0 74 0 143 22 25 74 29 103 141 72 5 59 0 0 28 59 101 39 115 0 69 29 54 149 0 0 69 55 0 0 50 134 0 0 56 143 0 136 37 125 103 132 0 134 0 101 0 36 45 40 72 87 0 11 0 138 61 1 28 27 65 34 0 144 115 46 0 93 47 4 66 0 0 0 103 32 64 57 45 67 0 5 0 0 85 6 117 97 131 107 0 87 31 137 144 107 0 3 0 100 27 72 19 116 0 139 46 48 0 65 0 0 95 0 103 0 22 0 26 16 133 0 0 78 0 113 0 119 58 65 119 
35 0 132 0 137 0 35 36 52 90 0 61 21 40 47 0 144 69 91 0 148 48 0 49 0 0 25 11 64 7 137 21 86 0 56 43 88 108 139 0 41 94 92 0 76 109 98 0 0 122 0 98 74 128 0 24 0 56 106 118 24 93 0 101 33 111 57 46 0 108 94 0 0 0 0 128 140 32 0 0 27 19 127 4 0 44 15 0 115 79 40 140 84 0 80 95 109 0 101 134 0 129 113 110 110 36 77 121 0 81 114 0 39 50 0 0 92 50 66 149 0 23 0 0 141 80 144 56 0 16 0 0 80 88 86 48 77 4 0 123 0 0 128 106 0 94 83 0 59 99 
107 93 41 12 141 118 0 86 58 134 99 93 122 0 101 0 85 82 53 84 102 2 46 0 149 0 0 0 97 73 46 29 142 76 0 0 40 0 68 12 108 0 0 25 99 50 47 19 22 138 0 54 0 106 1 73 92 66 49 0 48 43 48 52 109 17 141 45 68 56 114 143 125 0 75 141 88 76 0 145 57 114 87 35 0 0 0 0 21 46 47 99 119 0 56 0 26 114 76 105 89 78 36 71 55 66 107 136 0 49 90 126 90 107 6 0 0 28 0 0 32 0 0 73 0 103 0 0 0 0 0 0 77 41 48 12 0 0 118 34 60 0 140 0 19 123 81 72 14 139 
24 32 114 95 82 29 0 66 64 0 53 123 52 0 0 0 95 135 0 0 61 0 20 0 0 135 5 53 46 16 74 61 36 122 59 0 2 9 116 140 0 48 42 120 0 0 97 101 55 89 137 83 0 71 12 138 0 101 122 108 120 116 0 88 1 0 102 144 3 55 14 90 61 101 100 72 93 108 122 105 0 0 118 0 6 100 120 52 138 99 111 27 0 106 0 0 26 0 80 0 67 0 106 34 93 41 0 0 0 0 13 135 56 0 62 0 116 0 105 100 97 0 0 120 13 81 0 148 0 82 66 139 130 0 0 36 139 35 44 95 0 0 114 0 0 93 70 0 95 126 
0 72 0 0 23 0 104 4 129 115 87 32 33 131 13 60 0 56 7 0 86 41 108 0 85 0 2 0 124 0 5 129 83 75 0 30 0 0 15 110 0 0 26 31 124 58 0 0 14 64 146 40 6 53 0 0 58 121 36 19 0 0 0 24 0 104 130 68 0 0 0 57 0 105 0 0 13 114 81 0 142 5 0 17 49 0 0 116 15 0 12 83 48 88 19 147 92 126 0 98 5 15 40 101 0 64 14 115 4 126 0 0 0 0 33 8 0 0 0 30 0 145 0 33 95 80 109 100 141 58 0 135 0 111 58 0 0 59 0 82 0 71 135 0 100 13 60 11 4 13 
149 72 0 137 48 0 0 70 141 15 145 0 12 63 78 79 0 130 79 0 12 94 106 0 83 0 50 144 0 83 0 71 11 38 53 0 0 0 145 139 21 0 84 138 0 31 0 70 0 63 78 0 73 126 0 28 37 87 122 120 0 0 85 0 92 0 48 35 0 0 100 62 0 119 67 106 75 30 50 23 76 41 51 0 0 26 0 53 108 108 0 0 0 108 0 0 29 21 131 65 22 0 29 0 63 98 0 70 0 0 60 0 145 70 76 89 14 0 91 2 62 34 113 23 80 48 0 52 85 110 119 115 0 54 35 79 0 115 130 0 13 77 16 0 70 0 8 36 0 0 
20 0 0 74 0 128 149 52 18 30 34 11 97 127 57 137 91 113 0 0 14 125 106 35 0 110 0 106 105 68 48 0 81 59 0 0 42 0 0 20 149 43 0 27 0 127 0 72 147 4 95 0 0 142 72 67 147 69 88 29 20 142 0 87 12 32 59 141 145 118 0 122 21 0 98 0 11 146 60 105 11 0 120 145 83 94 41 34 49 118 21 0 0 0 75 110 62 0 0 135 40 0 0 19 149 61 90 49 51 65 114 17 0 130 32 101 59 0 0 115 83 98 0 85 71 8 79 83 108 72 126 118 130 5 0 0 145 123 91 3 33 51 121 100 99 122 63 0 87 0 
0 67 105 64 0 103 0 0 79 146 98 0 2 133 140 0 149 11 0 5 0 135 0 87 123 66 47 139 126 0 49 49 0 0 17 131 0 0 24 0 118 0 130 86 0 0 37 45 88 20 100 0 49 95 0 0 38 0 58 1 87 0 74 0 106 0 2 0 67 0 0 0 0 117 23 89 34 46 0 33 0 0 0 107 0 0 0 100 118 139 0 141 139 0 61 0 92 32 0 10 125 14 102 123 26 36 93 10 146 105 28 81 0 105 55 0 62 0 25 0 0 0 77 10 0 118 77 0 0 100 143 68 86 37 125 0 19 11 0 15 0 52 16 0 0 74 133 108 0 92 
95 117 137 131 0 32 20 119 0 135 134 0 0 124 52 75 13 29 0 52 0 8 28 109 0 0 77 86 77 0 120 16 47 28 0 0 9 120 78 0 0 44 90 144 60 0 0 0 0 96 99 86 0 18 88 143 0 0 75 63 117 132 37 83 88 84 139 12 71 0 0 0 109 12 0 31 54 83 0 87 0 3 56 40 103 0 76 69 0 144 122 0 14 47 92 31 0 0 55 147 24 34 78 0 22 109 5 0 113 149 0 0 84 0 131 13 0 19 138 37 39 55 33 103 0 0 26 0 76 36 44 22 10 0 68 75 0 33 81 75 0 58 0 108 0 53 0 144 0 0 
0 10 109 69 0 0 144 115 135 135 125 0 12 37 51 4 0 22 0 103 135 90 133 115 44 0 0 0 59 0 21 74 91 0 27 64 47 0 133 31 67 0 127 0 14 146 24 0 63 0 0 24 84 118 108 32 42 26 0 147 147 53 97 0 148 0 39 31 48 0 101 80 80 37 8 54 0 147 147 26 17 51 4 54 144 112 75 104 0 12 17 54 0 63 0 0 36 77 58 0 78 0 82 45 31 74 21 136 2 37 90 23 0 49 0 40 0 15 0 104 119 0 0 0 102 148 54 139 19 84 101 16 0 0 14 91 27 0 0 100 60 0 0 135 89 0 20 91 145 0 
0 132 0 0 122 101 0 88 122 44 3 8 101 0 79 0 17 44 136 0 77 66 34 99 131 37 0 101 139 105 21 116 69 108 0 0 112 124 50 11 91 84 0 121 0 19 137 100 139 28 133 120 102 39 49 83 76 0 0 4 109 27 29 76 0 113 119 0 84 4 59 0 0 0 0 142 0 18 0 117 80 16 0 61 134 105 18 0 141 4 147 12 22 6 141 9 0 131 16 2 112 145 132 0 53 0 132 34 0 0 110 0 56 0 39 0 21 0 0 117 0 129 39 78 135 132 89 68 61 0 35 19 12 71 1 45 80 69 0 0 103 55 0 24 6 138 47 42 94 61 
0 0 43 149 11 145 0 60 0 0 28 28 14 0 0 117 24 0 138 69 89 59 0 69 0 46 57 109 67 76 115 0 0 8 122 148 73 0 14 0 0 103 102 0 147 136 3 0 132 79 0 22 142 17 0 0 101 48 0 16 88 0 26 34 55 0 100 36 41 48 0 116 41 21 12 0 52 5 0 1 68 89 80 144 76 89 0 0 117 68 139 90 93 36 0 147 86 118 24 0 61 40 31 107 105 0 0 48 0 106 37 128 143 0 35 0 0 118 146 0 0 0 109 3 92 0 0 100 0 106 133 12 123 10 0 30 57 22 128 36 45 0 86 40 91 45 78 100 77 0 
146 0 2 60 0 32 9 147 129 41 65 0 0 98 91 0 0 0 37 69 37 0 0 119 136 57 0 90 74 140 0 60 64 0 0 6 87 50 0 0 53 53 67 32 0 107 67 99 85 40 143 0 24 0 138 80 133 61 70 10 45 33 0 0 2 88 0 133 4 145 129 82 140 80 0 119 35 0 72 12 104 62 0 133 36 51 135 0 91 83 15 0 100 53 141 51 30 2 57 51 90 66 47 62 146 0 104 0 0 3 0 0 11 0 68 0 99 90 50 83 128 9 2 0 0 145 91 0 0 140 0 0 120 91 0 86 0 0 74 2 46 83 0 116 0 53 63 117 9 90 
100 101 0 128 133 145 0 105 112 50 82 124 71 109 0 28 91 0 0 38 3 119 38 0 130 0 139 26 83 128 47 49 34 45 63 0 132 0 0 0 33 93 53 3 12 0 60 45 0 135 81 84 29 119 108 70 9 0 0 126 67 0 113 76 54 0 109 118 135 21 72 23 63 0 0 0 147 0 0 51 105 47 41 0 98 56 63 126 0 30 0 141 0 33 96 0 34 34 40 128 120 139 0 0 0 0 149 0 0 83 6 2 63 101 74 0 0 111 109 125 0 38 104 44 134 67 64 8 75 149 0 113 40 0 122 96 0 0 45 130 87 0 43 0 33 23 0 120 0 13 
25 50 127 39 90 0 0 130 39 136 25 0 0 0 83 17 0 129 14 140 91 70 71 130 0 7 0 88 55 0 97 126 99 134 28 21 137 0 0 0 0 40 0 125 0 0 0 90 123 103 47 0 23 107 148 29 89 68 22 0 0 59 129 137 17 0 44 12 0 0 134 80 137 79 0 73 0 0 74 0 46 21 0 96 62 5 48 9 63 0 134 31 0 0 49 126 62 0 0 0 0 35 64 148 34 0 110 119 38 0 66 68 10 124 0 0 0 124 32 69 71 0 81 148 122 0 31 147 129 0 46 84 0 48 0 90 32 10 0 92 90 117 45 136 0 64 129 0 0 103 
32 0 14 14 0 0 114 0 5 0 0 0 39 0 79 104 23 0 43 32 139 0 0 41 0 0 67 141 148 0 8 35 65 0 142 91 131 0 70 0 0 140 31 55 126 0 2 0 117 0 0 110 22 0 119 110 56 94 27 137 89 67 73 51 7 143 125 125 43 111 55 46 140 1 24 110 0 94 95 59 0 13 0 0 0 62 38 46 54 19 94 136 45 75 39 91 48 134 128 0 19 11 0 136 70 145 0 0 47 72 0 57 127 41 124 0 0 0 134 42 16 39 2 22 42 96 0 25 11 0 118 10 132 121 37 97 0 74 0 0 39 0 0 63 122 141 45 126 76 103 
71 0 119 11 106 48 0 142 0 14 0 61 29 131 0 41 82 117 0 0 70 145 9 0 53 33 71 0 0 14 54 0 52 144 0 0 64 89 0 137 0 36 120 94 0 0 101 0 0 99 0 0 43 0 81 0 75 16 0 70 89 0 91 0 0 26 0 8 32 29 16 1 40 0 0 79 0 0 23 70 142 0 0 43 56 40 32 37 92 36 107 0 0 134 31 139 102 59 0 35 19 0 99 53 60 9 0 25 92 121 0 128 65 139 96 0 0 144 130 0 0 120 87 0 0 0 46 106 0 34 137 15 66 110 32 50 5 0 88 0 19 0 0 0 0 131 73 38 9 57 
105 19 38 0 77 120 46 28 0 137 0 0 33 0 75 105 32 94 86 41 64 102 97 80 39 101 0 59 0 0 72 127 0 33 20 0 0 35 37 39 55 1 1 63 134 0 69 67 9 0 0 0 143 64 0 0 0 62 142 69 114 0 39 0 137 0 65 16 57 120 61 0 98 2 88 112 0 106 2 0 102 100 141 1 0 54 41 0 0 86 129 0 71 6 146 139 66 51 21 30 0 47 132 0 127 97 18 6 0 18 75 92 0 78 13 3 130 127 74 67 0 115 73 135 125 133 0 115 146 108 63 111 0 0 148 70 58 0 32 45 0 0 57 129 32 147 0 40 124 111 
136 48 11 133 89 0 63 22 0 0 57 61 84 43 107 11 140 0 32 84 35 11 43 0 44 107 0 0 144 57 0 0 117 137 0 0 37 2 79 0 105 57 0 10 0 108 113 73 74 127 0 144 12 63 131 115 78 31 0 0 0 54 45 56 99 0 16 81 26 101 0 97 0 108 0 0 18 112 77 97 70 132 4 0 0 0 0 0 21 0 69 137 149 17 44 104 0 99 0 20 120 60 42 26 124 19 140 15 48 0 0 0 107 64 119 2 22 71 74 0 0 148 73 55 43 67 0 138 60 0 7 89 125 42 85 7 83 62 107 0 80 63 122 136 0 0 0 121 72 0 
137 0 128 0 0 107 127 123 0 122 0 0 0 142 128 0 123 0 128 138 20 124 0 147 114 115 0 40 98 18 105 14 42 36 108 99 91 98 0 0 90 119 8 0 0 0 44 21 0 0 101 0 0 109 17 0 113 128 0 122 1 25 0 48 69 0 0 138 0 0 0 0 38 94 24 129 0 17 75 27 0 17 99 94 17 0 77 0 123 63 148 102 63 102 0 0 0 107 38 0 110 21 56 136 0 56 131 40 0 7 76 0 144 64 0 95 27 55 53 0 0 0 0 21 93 0 52 0 0 44 0 65 112 129 0 125 0 14 22 0 0 59 0 97 37 109 107 48 32 116 
107 65 0 80 96 0 140 19 133 0 0 55 0 10 0 135 28 94 67 98 74 114 84 105 0 104 3 88 126 10 118 0 0 43 0 0 93 0 84 87 46 54 149 0 72 19 0 0 139 119 124 0 0 0 118 75 0 0 32 54 0 22 87 0 39 80 90 13 0 90 9 43 132 116 89 0 41 144 43 73 19 0 21 0 0 0 0 98 0 0 0 4 0 35 0 67 0 0 135 111 0 0 43 0 13 0 59 138 0 41 0 140 68 0 38 128 48 128 3 110 77 33 0 83 0 0 0 135 89 94 0 0 0 0 86 133 17 19 6 3 67 0 63 9 26 59 143 0 49 103 
25 0 34 99 0 106 0 0 0 28 68 147 0 0 44 51 0 0 3 0 143 145 0 0 0 92 0 147 0 87 101 0 104 50 144 0 99 2 136 73 69 70 86 1 134 121 29 135 0 116 25 78 142 0 0 0 46 15 68 45 69 58 0 47 3 0 0 105 147 127 36 0 0 78 62 72 0 30 54 0 140 64 80 0 0 149 0 0 0 49 130 111 0 146 28 61 104 66 120 0 30 137 68 29 91 67 123 69 130 0 0 0 52 109 0 0 0 0 50 40 93 79 0 112 74 0 24 137 48 0 138 125 25 0 64 0 74 0 0 0 4 107 0 83 42 0 79 0 34 59 
50 15 19 117 12 1 0 8 0 83 1 134 0 146 0 138 0 73 66 99 67 6 35 83 43 0 13 0 44 72 70 148 136 145 103 0 0 0 0 128 107 107 56 46 82 146 37 49 67 130 75 73 73 0 0 0 0 0 0 121 0 115 49 0 16 80 0 62 0 45 0 0 0 147 19 9 0 123 89 24 82 51 122 62 41 0 100 113 0 135 0 121 0 122 0 103 141 53 21 44 37 0 70 133 108 142 110 91 0 0 56 130 2 0 53 0 0 117 0 72 80 41 0 0 32 0 126 0 0 112 143 68 126 0 36 0 96 92 106 29 119 0 64 139 113 102 112 0 140 45 
7 80 0 57 0 71 137 8 0 0 83 60 122 0 0 12 119 137 0 18 82 120 101 33 43 0 0 145 69 27 0 65 0 0 101 8 49 14 74 33 0 98 0 103 0 87 41 0 121 46 77 1 0 0 145 0 84 26 59 61 146 47 0 0 78 79 20 0 69 2 65 96 0 0 25 105 0 71 16 0 0 96 50 0 143 0 59 91 36 0 8 118 0 0 10 28 0 49 14 0 50 0 0 56 132 0 34 10 92 115 101 0 0 0 58 118 144 0 0 89 80 26 18 70 0 148 144 0 65 123 0 0 127 101 0 0 67 19 14 0 117 0 0 65 121 41 106 0 106 2 
25 0 0 74 126 0 15 0 45 0 14 9 0 68 43 0 0 0 32 0 0 11 0 43 77 104 99 98 36 143 0 46 149 0 117 104 0 120 16 67 138 64 68 121 115 0 41 36 149 17 0 6 119 142 84 70 0 0 0 97 4 22 0 3 123 68 55 142 0 89 70 41 49 116 59 0 18 25 139 27 26 12 15 0 27 31 69 104 60 13 77 142 12 66 0 39 109 0 24 37 10 50 55 0 93 0 75 10 112 1 97 149 31 122 0 37 0 140 0 54 61 34 57 0 0 0 147 0 79 34 70 0 54 48 59 23 41 0 21 35 113 91 51 28 135 117 0 89 146 42 
13 0 19 0 0 97 77 95 137 0 57 25 137 132 70 4 0 105 12 103 138 46 134 75 30 0 20 52 28 0 21 77 68 135 147 27 9 16 4 25 62 56 105 0 0 78 58 0 54 67 78 16 48 129 116 85 98 0 86 0 81 0 93 0 0 139 127 90 2 110 0 45 56 79 57 0 0 118 108 48 0 46 0 0 0 61 20 89 52 122 33 77 124 0 45 0 0 0 135 46 97 78 25 49 145 91 59 57 0 0 0 109 0 0 132 15 110 0 107 64 0 0 77 0 118 94 99 0 101 126 67 0 18 63 137 104 0 0 49 47 0 130 25 0 73 76 62 77 40 91 
73 16 0 134 93 0 36 0 0 7 0 9 26 0 0 45 43 128 106 0 60 0 132 135 0 95 111 34 109 86 70 108 58 9 7 135 123 92 47 0 0 75 0 49 0 34 44 93 69 74 6 43 0 110 138 0 0 119 0 3 89 135 13 9 25 129 101 147 0 111 0 0 57 54 0 98 57 121 104 83 0 61 144 6 0 98 52 112 56 0 54 0 0 0 147 0 116 0 138 0 0 0 63 148 128 110 45 70 26 0 148 0 132 47 143 95 0 77 75 1 44 0 82 0 65 97 0 145 39 29 97 147 102 33 0 12 0 97 94 27 80 0 134 112 103 0 136 79 32 0 
0 0 45 33 120 78 138 77 50 92 69 79 55 68 0 116 95 0 0 31 12 30 64 85 7 37 0 129 62 31 43 0 94 34 3 0 49 0 148 124 0 0 12 0 124 0 100 129 33 27 56 0 0 103 5 0 61 51 86 0 98 0 123 111 48 108 123 0 19 0 16 79 134 100 0 63 134 15 0 53 61 42 0 115 16 97 77 61 126 0 36 77 91 21 129 0 82 104 124 90 65 0 0 100 105 0 82 108 0 0 0 49 59 22 12 0 66 27 43 42 99 0 112 79 0 142 4 95 27 141 35 0 7 111 0 112 84 84 128 125 0 0 16 70 0 126 0 0 59 118 
63 10 113 67 25 25 87 139 107 0 0 109 36 35 33 0 0 133 68 0 65 138 87 124 66 78 0 35 0 0 60 112 11 90 123 32 46 0 0 14 24 45 25 137 53 0 69 0 0 65 0 4 52 0 31 25 111 56 0 65 0 0 21 15 0 0 125 102 0 138 12 29 86 129 40 30 114 50 83 5 0 146 0 52 33 129 128 0 36 0 101 135 20 0 131 44 83 25 75 4 16 0 101 0 42 63 25 0 18 90 0 63 114 15 2 96 16 0 24 0 16 0 59 72 0 65 99 0 124 0 17 118 29 124 66 139 0 0 0 3 121 136 111 0 41 143 0 15 71 24 
11 0 77 133 28 129 51 0 95 147 0 99 128 82 145 0 104 42 112 0 0 73 0 32 108 48 45 35 133 5 54 42 66 12 0 39 5 131 96 0 55 2 48 88 116 36 93 0 65 42 83 60 0 47 0 0 0 88 91 73 42 0 147 70 0 130 0 135 147 5 89 0 79 0 7 0 19 9 84 0 0 0 0 114 17 20 40 0 93 129 0 107 77 0 22 41 140 43 104 104 121 92 59 60 74 0 30 7 18 115 130 89 93 23 31 73 149 52 0 24 0 142 34 113 116 105 92 20 121 47 0 0 60 0 53 31 16 0 135 42 31 13 0 147 0 68 41 0 31 77 
90 116 23 0 0 120 77 0 0 146 134 132 56 60 0 96 0 127 75 31 104 40 0 0 125 105 0 0 110 58 0 115 0 11 10 35 47 147 0 41 122 7 56 23 0 101 119 0 117 3 0 85 0 139 71 120 83 95 83 0 1 22 0 128 0 0 69 22 56 0 0 64 81 126 57 140 0 11 149 0 79 36 0 0 0 0 0 101 66 0 144 45 0 0 90 0 0 36 98 21 8 119 11 0 48 0 0 35 141 0 0 0 0 33 0 0 21 54 106 0 93 0 0 47 50 0 18 0 0 52 90 0 87 12 98 107 127 61 26 60 13 0 0 135 90 0 108 130 77 137 
53 68 59 45 0 52 27 128 57 0 103 94 4 0 6 0 0 114 120 105 122 0 73 21 142 62 72 115 0 86 64 145 0 0 0 130 0 30 0 0 125 143 0 31 117 0 0 65 0 0 0 3 0 38 146 0 0 105 53 49 44 134 134 0 94 125 102 132 104 20 28 0 65 0 0 0 95 19 0 0 40 68 45 19 55 0 110 0 139 39 0 145 115 0 44 92 116 13 0 0 0 65 0 0 0 82 25 0 7 71 7 29 0 0 22 145 0 39 112 122 0 107 0 99 138 0 0 75 0 0 69 35 129 16 0 28 0 58 136 19 0 80 111 120 0 0 0 0 73 10 
0 24 143 141 21 108 129 105 120 51 110 28 15 0 0 83 36 124 143 7 40 16 6 0 0 145 91 0 61 0 0 0 113 0 0 0 105 72 0 59 0 8 0 68 53 0 77 0 0 0 67 100 28 67 45 121 141 129 0 42 0 64 116 0 0 11 32 95 119 0 21 127 0 0 0 0 94 61 0 113 75 0 142 0 22 54 47 67 22 91 36 0 106 84 143 136 83 0 136 8 33 84 102 39 0 0 16 122 112 84 122 55 0 0 31 130 25 42 0 73 65 0 0 10 69 23 0 0 0 25 6 82 9 109 0 137 45 100 0 28 31 149 73 89 0 131 0 60 95 0 
59 82 26 0 30 144 12 0 0 111 69 109 0 89 0 0 101 149 0 113 60 99 88 14 61 105 9 49 82 106 35 0 0 0 0 0 25 120 116 98 92 41 133 0 139 82 14 36 114 115 11 105 0 85 26 75 33 141 0 0 0 18 48 0 100 0 144 138 0 73 28 79 123 0 46 0 0 103 145 0 0 63 64 0 96 84 17 100 91 146 0 76 48 15 56 0 108 0 149 0 123 37 125 70 34 124 0 112 0 64 32 0 88 116 21 0 59 96 12 133 7 0 92 118 0 148 0 0 33 0 143 0 149 43 104 31 0 0 0 0 0 12 114 0 0 0 0 147 94 118 
18 133 99 84 0 0 111 0 66 80 124 92 0 0 112 105 3 50 12 0 0 110 103 39 0 0 35 0 43 135 25 0 0 0 27 94 118 69 0 13 0 0 0 0 118 99 91 119 0 138 115 0 14 91 0 135 0 72 0 28 0 74 22 106 25 76 0 136 0 14 137 0 92 48 0 95 108 52 32 115 95 128 28 32 29 110 49 149 0 41 50 139 30 141 1 55 29 107 82 2 20 27 0 0 130 47 0 70 22 29 37 30 13 0 84 30 49 112 138 65 120 114 137 6 0 141 12 146 78 46 47 136 0 63 137 0 60 6 145 36 76 0 0 0 34 0 40 0 94 116 
97 86 0 96 0 0 148 121 145 48 137 125 0 31 130 77 146 0 147 0 0 32 9 51 0 98 54 0 43 0 81 86 146 138 144 74 0 25 126 0 115 149 128 58 85 115 43 56 69 0 0 2 142 0 0 48 0 0 99 80 58 47 0 18 26 0 0 0 0 83 0 51 93 41 53 0 61 5 46 119 90 131 42 0 0 51 23 117 0 0 45 52 0 0 0 51 0 0 117 0 65 25 125 137 2 19 0 135 149 11 0 135 18 0 0 49 40 112 46 120 115 0 0 88 0 0 75 0 0 139 11 0 149 146 0 0 0 5 54 26 0 10 133 49 0 0 6 0 71 91 
0 40 55 36 71 21 0 59 118 9 75 0 118 0 25 7 9 101 33 96 142 46 79 93 6 0 0 0 0 126 0 11 147 101 113 0 69 96 11 138 141 0 143 74 31 102 129 0 68 73 141 43 0 81 0 15 20 0 0 0 18 46 147 0 20 126 104 0 0 90 139 0 123 0 15 90 18 0 0 15 124 141 12 25 64 14 37 4 2 0 23 130 24 145 104 64 108 51 134 0 0 0 82 0 59 0 0 64 66 74 0 0 52 9 16 65 143 22 33 70 125 11 0 100 9 0 47 144 75 126 1 28 0 137 0 47 80 0 0 111 128 0 95 39 45 0 0 18 145 130 
0 65 9 141 94 61 143 0 25 47 0 5 0 145 145 0 62 132 82 44 0 80 0 136 24 0 0 0 143 113 107 0 74 122 10 0 78 35 39 95 72 0 0 25 27 0 79 128 89 14 132 0 0 98 0 0 64 0 0 0 0 38 125 6 61 0 0 105 0 0 10 0 18 0 56 0 0 0 94 0 22 0 116 0 77 0 81 0 103 0 0 3 0 65 0 87 149 136 81 22 11 146 91 118 43 69 101 75 102 101 96 0 112 126 61 85 25 77 7 0 34 0 78 56 0 19 57 0 7 68 132 14 62 0 33 146 122 134 0 28 117 0 38 53 48 0 25 0 118 129 
25 14 39 34 48 0 130 7 137 75 0 0 22 116 0 98 0 0 0 0 59 95 0 1 7 134 139 110 96 141 0 95 0 89 0 49 91 16 0 93 19 16 0 21 135 0 28 0 4 118 0 146 130 0 75 145 85 0 0 21 0 0 127 142 101 42 144 0 42 47 0 72 87 97 19 0 149 3 46 97 0 44 0 0 0 0 137 127 0 7 85 41 137 0 0 149 23 123 94 63 0 122 30 68 55 114 0 38 31 107 20 19 0 33 0 47 0 0 119 148 26 58 0 0 0 50 0 107 136 105 147 18 95 83 0 0 0 0 143 115 0 113 81 38 0 75 0 4 123 126 
91 26 28 0 142 0 85 0 46 104 3 13 109 87 59 0 135 94 104 82 16 32 0 121 0 0 75 0 0 0 0 46 85 119 99 0 1 27 57 14 149 74 0 0 33 93 0 26 10 37 129 87 0 9 49 113 0 29 0 141 91 28 23 83 7 16 61 23 8 52 133 0 5 67 0 0 122 139 0 139 133 0 113 2 99 15 133 7 103 140 4 59 25 106 44 34 47 108 0 138 113 106 0 0 103 133 0 15 0 17 37 37 15 14 23 0 115 43 0 22 7 100 0 0 133 0 0 89 0 75 113 85 0 69 43 75 0 57 97 139 95 39 0 74 112 129 128 43 123 0 
0 97 126 65 98 83 137 0 81 104 135 76 41 125 112 141 35 82 0 9 48 0 79 23 0 56 41 0 0 0 135 59 0 102 0 0 139 101 143 128 120 47 50 0 0 12 56 0 41 8 109 0 0 119 52 0 135 42 22 0 0 139 126 32 107 0 0 51 49 0 0 75 0 0 149 71 0 24 52 0 0 90 0 148 103 4 0 0 136 74 0 0 82 0 106 25 135 31 3 35 68 72 64 144 90 137 0 125 0 106 135 0 0 28 0 51 56 129 99 21 75 27 138 0 0 69 120 0 0 0 0 45 1 105 0 0 39 132 0 77 109 120 50 8 0 117 126 20 97 11 
55 0 0 0 0 49 3 0 0 55 41 18 0 0 54 37 0 12 65 112 0 2 105 20 0 0 0 0 0 117 74 69 61 0 0 121 0 0 0 97 130 0 129 0 97 6 101 0 40 34 101 27 140 0 0 112 0 120 65 0 18 0 99 85 119 96 85 0 112 30 0 0 138 0 0 83 92 62 38 33 48 8 87 140 0 65 68 12 37 0 0 106 18 0 1 22 0 0 0 30 29 0 9 148 47 81 0 71 0 114 141 0 146 22 145 113 0 0 0 0 0 140 81 42 87 32 120 92 11 80 146 93 134 77 111 138 107 44 0 128 138 0 66 111 136 112 0 0 131 147 
83 57 9 31 25 0 136 47 143 7 121 121 118 45 35 0 0 0 141 104 0 0 103 3 141 103 0 53 142 0 0 122 0 0 2 55 14 0 129 34 113 99 0 0 116 74 72 38 136 60 147 0 0 15 0 27 118 40 0 0 76 0 58 17 121 140 35 0 14 76 0 27 101 149 0 102 0 106 34 0 0 0 114 25 41 0 0 10 22 12 0 103 44 50 90 49 66 15 21 14 72 93 0 141 51 67 0 24 63 17 114 0 0 110 78 20 0 63 64 25 25 37 0 34 0 70 28 75 83 24 1 0 110 135 74 0 2 0 118 56 45 46 17 0 0 0 0 0 0 0 
51 69 37 46 34 78 59 126 143 0 71 0 18 137 0 127 0 89 0 124 149 62 141 121 149 58 0 24 64 0 0 59 127 114 80 34 0 108 102 22 102 12 61 16 58 0 140 116 13 148 0 0 0 148 119 0 132 137 42 82 73 63 126 7 0 31 74 0 44 104 0 112 0 76 0 0 0 6 0 41 6 9 0 23 140 118 16 64 0 18 137 0 104 85 0 148 25 0 91 0 0 0 8 149 0 0 138 60 21 65 0 0 64 46 96 21 148 17 14 29 101 98 0 92 96 29 0 98 88 118 96 12 66 0 0 120 47 20 136 102 58 105 0 119 0 83 11 89 25 63 
132 30 0 41 13 0 0 15 92 5 0 15 18 49 131 77 52 46 37 39 136 0 113 126 43 54 19 29 147 0 0 0 37 135 0 70 103 17 11 0 0 83 138 136 28 0 37 67 112 0 0 0 18 34 145 67 34 95 18 143 16 132 3 24 113 47 31 3 132 126 126 0 0 0 43 0 0 97 18 148 0 0 142 17 143 136 122 134 0 0 131 0 47 0 0 0 118 0 119 0 0 0 145 0 15 104 143 0 149 95 126 17 0 0 0 0 70 0 43 40 0 0 0 148 55 105 83 80 120 139 0 77 44 148 28 0 43 99 137 93 0 0 61 7 0 100 0 100 9 39 
9 0 76 146 43 0 22 50 97 0 26 127 55 37 125 0 53 98 68 0 40 5 0 130 0 134 143 39 0 119 55 141 7 0 100 83 47 106 124 12 54 84 20 0 58 0 32 0 0 87 134 138 87 0 88 7 55 12 126 136 0 12 0 127 0 95 122 130 84 0 0 70 14 54 17 145 142 0 71 68 0 57 51 33 93 54 38 0 0 56 0 19 0 0 1 40 31 22 18 0 61 10 148 0 0 140 35 64 0 108 119 39 59 50 28 0 122 41 0 121 21 14 74 30 148 37 93 0 69 73 33 36 131 0 0 0 39 26 0 0 0 75 75 0 90 116 104 114 136 0 
36 0 149 0 120 85 148 30 141 31 39 34 17 0 0 0 83 136 58 136 129 70 0 0 100 0 0 143 31 49 67 131 77 144 18 0 132 88 82 77 0 0 77 6 114 72 97 119 78 98 6 147 70 143 41 146 0 0 0 26 114 130 113 0 25 123 0 66 56 63 9 7 127 0 0 0 120 0 0 89 44 19 100 0 4 0 92 0 7 30 0 78 0 0 99 57 50 123 0 47 0 0 0 0 26 9 77 120 45 30 52 113 86 24 133 23 38 116 0 0 105 61 147 134 33 141 118 109 111 45 0 0 51 43 88 0 47 0 71 0 0 0 47 21 0 0 87 0 57 116 
16 0 62 17 52 59 89 74 149 39 9 103 62 24 43 35 53 138 0 0 88 0 2 0 94 125 0 134 0 71 93 80 90 0 94 108 7 11 14 41 0 59 41 54 90 111 134 87 0 0 130 0 0 119 100 10 0 60 0 0 0 0 0 61 32 128 138 101 67 115 65 28 85 99 72 127 0 66 60 0 30 0 142 78 0 51 8 40 0 0 0 1 79 0 118 0 0 0 0 95 109 0 146 149 39 0 0 98 78 0 139 0 30 132 46 99 0 71 112 134 0 0 3 52 56 11 34 0 77 0 97 147 76 0 78 0 110 28 34 149 0 38 4 18 69 66 50 4 38 118 
34 0 113 0 0 4 103 77 78 114 76 55 40 0 34 35 0 1 43 59 58 58 21 0 49 6 96 90 63 86 36 53 105 0 116 0 0 0 54 37 146 91 6 148 143 0 0 109 66 83 25 98 146 4 0 37 40 27 77 98 30 87 0 0 91 0 13 68 0 38 95 0 1 54 92 0 5 37 128 0 0 0 62 0 7 0 0 0 1 53 69 44 0 9 84 60 0 79 81 0 81 119 30 144 116 55 99 0 107 0 0 0 77 61 0 0 115 15 66 0 132 0 101 129 0 96 104 0 0 148 0 0 0 107 0 0 104 87 107 8 84 3 20 132 81 0 114 82 0 0 
57 122 146 0 28 114 84 50 73 0 0 0 36 102 124 0 0 146 0 0 37 0 0 108 0 114 42 45 118 0 50 25 110 0 11 0 0 65 0 0 101 126 91 103 142 24 0 16 0 52 0 86 2 0 112 0 45 0 100 122 34 0 66 126 0 128 126 0 127 65 141 120 114 0 0 88 0 64 92 102 0 0 0 0 93 14 134 125 128 45 107 0 68 104 77 7 109 118 129 0 139 24 110 0 90 5 112 142 0 8 0 0 0 6 82 0 130 133 0 73 11 0 0 123 55 84 55 33 8 85 35 95 57 95 53 0 0 135 110 110 86 117 96 0 0 63 0 0 22 57 
0 0 70 145 0 129 112 0 75 39 67 0 75 0 0 146 0 82 49 14 0 0 103 42 41 41 19 61 144 129 51 65 96 0 122 0 90 84 28 0 73 34 104 0 87 139 109 0 138 0 43 101 0 74 0 67 52 51 78 75 15 75 111 0 21 73 0 0 0 41 145 0 0 48 0 38 1 66 85 64 60 0 0 10 54 136 0 0 0 54 52 77 8 116 11 0 0 0 68 30 84 73 139 0 41 9 92 131 0 25 112 57 0 0 71 78 87 15 34 9 63 75 64 76 0 67 112 111 0 108 9 73 0 0 0 0 60 4 59 34 0 17 13 91 0 30 108 55 24 103 
28 136 0 96 0 112 58 0 0 0 4 0 42 118 143 56 58 86 4 6 0 0 15 105 0 113 0 0 0 0 7 88 0 47 0 8 0 26 85 40 89 5 36 80 0 17 137 113 0 106 0 81 54 0 104 79 12 40 0 23 44 0 148 75 5 38 126 0 0 141 137 0 133 11 122 47 115 0 102 77 10 54 0 0 0 54 43 25 68 11 0 35 10 0 75 0 119 132 129 0 73 47 10 138 56 11 73 0 11 0 97 125 111 0 134 0 0 72 39 25 79 65 0 94 32 97 0 107 92 137 86 70 0 0 110 143 0 0 22 2 128 0 85 25 27 68 56 0 111 117 
109 32 90 27 70 0 23 64 0 112 133 0 89 52 46 0 0 7 60 0 0 5 57 0 16 134 125 10 79 90 70 83 106 62 41 28 48 30 47 0 98 113 0 0 42 61 126 120 0 70 69 30 92 0 0 43 144 54 1 98 62 42 54 117 0 112 61 70 3 149 53 0 0 0 19 0 44 29 149 100 95 120 104 143 0 21 26 46 17 104 22 0 1 0 0 47 0 0 0 7 0 0 23 7 94 43 79 0 24 0 0 96 0 139 130 48 117 0 35 3 137 149 0 119 92 120 57 0 105 0 13 7 144 27 104 0 114 0 78 37 0 58 0 144 146 144 22 51 142 82 
65 66 120 0 55 24 39 28 134 0 101 66 41 1 10 0 115 41 114 72 65 75 87 4 0 0 0 149 84 148 128 105 12 93 0 33 54 109 66 146 97 0 39 15 111 0 35 0 125 117 32 0 0 61 0 0 142 117 133 75 76 105 34 1 53 109 15 142 0 138 128 0 36 103 115 0 0 0 0 12 0 71 62 49 66 0 17 36 0 0 51 109 14 64 0 0 148 0 121 40 0 0 0 93 38 0 94 38 0 5 134 115 99 0 0 8 59 103 65 9 80 102 47 0 0 42 61 0 126 0 17 138 0 0 19 136 81 74 31 2 3 3 87 0 43 52 104 128 74 0 
0 105 119 59 34 88 36 63 10 0 14 0 0 0 0 80 146 0 148 21 66 0 84 69 149 102 28 77 32 0 72 143 74 103 0 3 23 96 65 133 107 114 141 0 14 75 37 0 89 0 0 42 0 0 33 96 0 64 94 0 133 0 0 0 112 0 56 36 0 41 0 0 71 68 0 26 79 0 60 115 111 0 74 44 78 0 0 33 134 135 0 30 0 55 0 74 13 45 0 121 23 0 0 0 0 52 0 94 18 92 16 36 0 74 47 0 37 27 0 30 145 0 0 53 0 80 123 82 56 46 90 67 147 66 89 29 148 0 65 97 105 143 0 16 96 10 58 0 26 0 
138 140 112 118 85 19 64 0 44 81 74 0 143 0 40 145 0 125 39 4 113 0 0 0 80 68 0 0 0 66 20 12 100 77 64 129 0 133 128 88 128 97 109 71 0 36 0 32 0 32 0 0 8 0 0 141 0 0 19 0 0 124 0 103 97 40 147 138 103 31 0 69 15 41 0 106 30 7 68 139 0 41 46 4 144 18 0 0 52 0 136 0 84 49 0 0 63 105 42 145 3 8 0 143 0 0 74 37 145 89 110 101 0 37 107 71 0 0 99 18 146 125 120 12 0 105 130 0 47 38 0 137 71 44 130 120 127 0 0 34 28 138 144 67 79 119 1 57 76 93 
0 40 149 88 118 0 26 66 128 83 0 37 0 70 145 0 0 0 120 0 13 39 0 0 108 0 83 27 118 44 106 87 0 44 67 53 83 139 112 5 0 33 12 15 130 0 0 62 67 82 0 85 74 58 60 102 86 0 37 11 0 121 111 0 108 126 9 40 17 37 97 26 71 0 50 0 19 50 143 28 0 90 73 0 13 39 0 13 0 78 49 84 0 82 109 126 149 0 100 0 142 0 92 96 149 0 0 140 133 0 40 0 93 40 0 18 41 111 0 144 64 0 0 0 0 26 15 0 98 16 140 20 146 13 9 105 97 0 143 118 94 63 146 107 76 0 63 70 75 9 
18 38 19 3 0 58 105 15 27 38 117 15 62 121 63 31 71 104 24 96 96 138 143 48 0 34 141 100 134 81 0 1 0 0 0 0 100 7 0 53 85 0 14 110 0 92 142 109 78 0 0 0 0 0 10 6 54 0 26 60 0 33 0 97 0 134 42 0 105 11 51 83 0 116 147 131 27 20 84 0 0 0 3 90 106 146 85 149 0 0 0 128 0 0 0 0 142 0 0 36 59 139 84 0 108 0 93 94 56 60 149 0 101 88 0 28 14 12 41 32 28 0 0 116 76 0 0 36 145 25 69 4 83 0 3 19 0 120 85 10 0 23 0 26 0 0 0 0 0 24 
7 0 139 5 19 72 41 75 19 40 18 117 0 55 0 111 0 0 55 133 10 57 137 91 0 57 6 101 0 60 0 0 29 49 0 0 0 48 44 84 89 0 3 0 33 0 0 0 122 127 0 119 53 0 102 0 134 0 130 0 51 0 0 112 27 23 35 33 104 127 0 12 43 10 0 24 53 0 66 0 30 26 144 2 130 57 104 147 0 64 0 0 29 0 137 81 120 55 31 30 0 149 60 30 45 97 0 0 0 0 103 0 0 0 47 0 69 127 28 0 124 129 71 128 87 67 80 0 15 48 96 1 82 0 147 5 0 102 32 20 79 0 109 66 130 115 0 0 10 0 
99 19 105 0 0 123 2 0 0 48 0 0 30 43 14 0 140 0 73 0 40 77 93 44 16 135 71 81 0 0 0 0 0 109 54 14 32 0 126 0 34 96 0 63 62 54 64 99 136 120 92 120 6 97 0 0 3 0 0 122 0 0 138 76 35 70 145 29 98 0 96 11 20 142 130 0 0 49 0 103 90 102 32 0 121 93 62 7 131 146 9 0 1 0 0 0 0 69 130 0 26 12 69 45 63 58 111 32 0 0 61 0 75 98 118 127 7 39 0 136 133 99 104 0 0 0 78 0 117 102 0 0 0 133 71 59 12 133 113 9 113 0 0 0 23 0 71 100 58 35 
65 77 132 0 0 0 98 61 102 94 84 0 116 0 74 131 42 54 109 0 0 119 66 0 36 89 0 0 0 0 0 116 46 0 127 103 25 97 106 74 0 15 125 0 0 19 0 134 53 0 146 90 25 87 40 0 0 55 0 0 39 0 0 0 11 116 7 0 71 143 0 96 36 18 0 109 34 31 16 59 3 67 7 0 121 52 53 0 64 106 88 53 0 0 29 147 41 0 100 0 0 47 77 0 0 0 122 0 114 47 142 108 5 112 18 3 58 64 24 62 0 0 41 19 0 137 61 0 99 13 92 109 27 0 82 0 11 0 135 134 0 100 98 0 52 49 8 0 0 80 
62 0 37 0 0 41 54 88 19 17 85 55 99 56 0 70 90 110 59 0 145 25 66 0 62 75 83 33 56 0 0 144 53 102 31 86 13 11 102 0 78 126 122 0 149 0 71 133 0 145 142 79 43 11 46 131 11 0 0 114 0 95 89 0 41 0 0 0 146 57 0 0 87 0 0 37 0 123 100 7 96 118 131 76 148 64 0 0 106 79 0 144 143 0 54 97 83 132 86 19 145 117 37 42 95 1 49 144 117 0 36 118 45 0 0 93 71 118 83 76 109 0 100 141 77 102 0 68 22 3 107 0 0 74 12 0 120 109 12 0 0 4 136 72 128 109 30 116 135 0 
0 0 0 0 0 57 0 41 14 40 95 58 0 31 0 32 139 26 0 78 57 53 101 73 77 90 91 0 0 118 0 0 89 75 0 82 0 13 92 10 140 3 105 57 2 48 74 0 96 9 0 47 0 0 76 101 0 120 114 89 0 0 14 119 30 0 0 69 3 43 61 0 61 0 0 10 82 92 40 51 123 138 142 0 0 133 55 131 109 74 101 54 96 39 0 76 0 57 46 38 147 9 63 24 0 0 118 110 137 18 24 0 43 49 114 0 131 98 0 0 6 0 114 15 50 130 0 31 131 22 37 0 111 70 0 0 0 138 0 0 0 0 104 0 0 0 0 91 0 0 
108 147 0 90 72 0 0 0 0 121 122 108 9 89 0 28 27 0 24 0 115 21 134 0 44 0 140 115 103 113 105 141 142 113 12 38 0 0 0 16 93 119 1 1 138 116 7 6 2 143 0 0 0 19 0 15 37 131 107 0 84 36 0 144 111 91 15 0 0 12 42 41 0 61 39 36 35 0 148 63 26 0 0 0 0 104 62 0 0 51 122 34 114 84 49 0 105 0 58 17 0 0 0 0 0 0 7 10 61 39 87 0 21 63 43 0 29 0 5 0 17 0 28 50 87 0 0 130 141 100 122 0 60 143 82 91 0 0 62 51 0 60 0 59 104 0 27 68 100 21 
43 0 59 33 111 119 0 84 84 0 0 116 112 14 32 145 0 17 0 96 149 0 0 124 20 36 0 108 0 0 58 35 28 91 93 133 149 46 15 8 110 82 46 126 0 128 0 74 112 138 42 48 0 138 132 5 140 64 0 145 19 8 0 87 0 54 0 0 54 43 0 99 28 59 0 72 0 149 0 95 70 0 0 0 0 26 135 30 0 73 12 105 64 0 114 0 0 56 81 2 0 0 74 67 0 0 41 0 0 88 0 17 118 139 59 66 126 94 0 0 108 0 124 136 55 7 52 24 0 149 0 14 59 143 38 99 81 114 98 138 95 0 19 12 91 0 0 38 0 0 
6 146 129 32 64 122 26 0 0 73 104 71 0 50 124 6 48 0 38 43 103 0 87 123 0 55 0 77 102 77 54 74 77 25 0 104 0 111 16 9 32 7 31 49 0 58 0 146 85 6 116 0 139 116 142 50 0 51 57 0 0 61 0 0 74 0 0 128 0 75 0 106 24 0 49 123 67 10 0 0 110 0 76 0 146 120 0 8 103 22 0 45 62 67 36 97 0 0 31 65 99 0 88 12 108 90 0 148 0 122 59 0 95 26 88 140 0 58 71 45 58 71 39 0 0 11 40 75 143 0 0 51 116 124 0 34 99 111 78 149 44 36 0 0 33 24 63 57 111 116 
19 0 143 83 0 29 105 116 0 40 0 119 127 76 37 148 129 0 0 0 0 41 91 100 64 5 72 0 3 0 80 0 0 0 91 0 0 7 3 144 101 32 4 0 146 0 112 100 0 62 63 111 39 26 116 104 0 110 0 69 65 0 59 41 48 0 0 56 121 143 76 144 62 0 0 135 120 125 50 39 0 15 6 10 71 94 47 0 91 0 0 0 9 0 52 0 44 11 0 97 54 61 82 0 32 0 76 0 0 49 84 99 45 128 110 14 4 50 134 0 68 122 61 0 6 143 123 0 0 115 138 77 98 0 0 91 90 133 66 26 12 118 51 0 28 27 0 56 146 23 
0 0 108 119 0 28 125 146 0 0 0 127 0 78 102 25 73 0 3 33 0 106 81 93 133 60 136 43 68 51 2 136 0 149 104 0 85 0 0 25 134 59 139 145 127 58 0 47 134 48 52 15 0 27 30 10 22 65 62 19 0 117 76 69 0 0 31 4 0 38 0 140 0 68 52 102 38 0 0 71 68 41 0 120 0 80 96 0 126 0 103 7 0 24 0 37 118 142 77 0 0 17 0 137 49 51 62 0 0 35 0 146 39 19 80 56 96 14 1 0 0 123 0 0 1 62 54 96 0 46 0 137 120 0 59 0 0 0 0 30 110 57 57 0 88 2 128 60 53 0 
0 133 123 0 0 0 26 136 114 0 0 71 50 0 107 43 110 139 0 0 119 120 9 78 48 0 90 0 19 132 0 106 114 69 117 0 122 63 0 140 35 116 129 116 0 4 78 73 40 133 145 3 93 0 75 106 5 117 33 14 0 53 0 0 34 0 24 72 33 113 25 105 105 128 84 67 59 29 1 134 81 65 45 0 50 20 58 0 21 53 0 135 0 74 0 0 0 145 29 108 0 0 4 97 97 75 118 140 0 0 95 32 0 63 79 4 62 146 86 139 88 74 0 16 56 141 144 0 99 0 101 0 114 0 131 0 0 0 116 78 0 0 0 72 110 68 0 97 128 136 
29 0 24 0 47 133 0 0 62 6 113 71 79 0 0 0 0 141 53 40 0 10 0 113 140 0 0 77 117 0 88 38 137 75 0 48 57 0 0 99 62 0 75 108 87 72 0 143 0 144 0 0 0 19 0 23 132 93 9 89 83 41 59 126 79 12 18 123 0 123 114 0 41 53 120 0 96 109 133 107 0 144 46 13 0 0 36 0 0 63 0 0 0 0 139 52 142 109 72 93 0 0 74 146 63 0 0 0 31 112 0 85 0 31 31 28 81 0 14 79 0 115 140 102 0 68 1 146 4 130 50 0 66 108 86 0 0 0 55 15 0 108 126 35 81 48 111 128 94 0 
46 63 121 119 0 86 0 30 57 15 0 0 0 0 0 126 148 53 0 23 69 104 48 7 57 91 119 106 111 77 54 146 0 41 78 0 136 0 62 73 1 13 119 60 0 129 105 82 0 85 43 69 72 0 11 95 44 0 0 115 104 0 148 44 142 2 0 27 97 0 34 30 30 0 123 0 68 136 24 54 91 0 10 0 11 0 0 64 3 0 0 74 0 94 0 80 17 0 0 12 141 77 0 46 0 83 0 2 0 0 0 104 2 0 23 38 92 0 89 80 119 120 0 0 123 0 111 108 8 0 0 18 67 122 84 145 69 0 130 0 0 141 0 10 68 92 87 92 118 3 
13 64 0 13 0 0 112 122 37 0 77 90 0 121 52 10 0 0 13 0 95 73 9 99 125 0 146 62 94 0 137 147 58 100 24 0 0 60 0 38 102 0 108 0 9 93 105 0 94 0 0 107 91 38 70 142 107 0 11 111 141 0 81 0 40 13 2 125 56 63 86 0 107 114 49 132 35 127 102 119 68 0 72 89 18 0 84 0 96 50 0 29 71 74 0 0 81 73 0 0 0 79 0 0 113 0 0 104 124 87 148 0 13 38 116 130 127 111 0 39 147 115 35 0 104 115 0 93 123 0 120 6 0 74 0 105 87 0 11 140 101 136 130 41 77 130 1 100 79 119 
35 54 0 54 28 35 0 106 132 59 106 62 29 92 13 0 101 0 128 0 0 0 13 23 0 66 95 0 0 126 6 58 143 0 79 19 92 135 31 1 23 114 98 7 21 122 0 12 0 114 126 29 89 0 0 0 126 48 39 54 73 76 0 114 0 0 0 51 100 0 0 0 25 142 12 37 52 0 0 0 122 70 88 0 0 36 108 55 108 113 145 77 8 0 0 4 6 149 0 22 0 141 149 34 0 0 8 107 105 113 0 60 25 56 0 38 53 79 13 102 9 1 135 149 97 142 78 139 145 52 76 0 0 62 15 4 0 0 45 145 0 0 33 3 65 28 79 52 0 59 
0 133 103 0 104 71 28 59 60 0 103 35 0 142 81 102 0 47 0 0 103 4 44 29 0 0 49 0 55 101 71 131 137 0 88 119 0 30 79 6 0 0 78 77 35 0 0 0 74 67 0 35 0 47 71 63 0 0 121 33 0 0 133 98 68 0 0 0 1 0 95 98 53 41 73 131 91 39 96 74 145 53 120 63 127 1 12 19 8 79 89 24 109 0 0 44 0 70 54 80 0 0 0 0 0 0 129 137 18 69 0 69 0 130 26 46 101 59 0 1 0 56 100 11 37 29 88 140 0 0 137 145 85 49 0 0 0 137 0 0 126 41 76 0 45 36 0 32 0 26 
102 129 83 123 9 0 32 103 22 47 52 48 40 47 2 0 136 41 1 115 29 106 142 0 10 30 0 109 0 124 134 145 40 93 71 18 142 38 90 0 0 72 84 0 0 0 0 126 111 58 131 6 0 146 2 143 97 82 0 0 13 0 64 46 0 65 21 127 49 10 6 64 28 96 103 27 135 85 0 14 60 110 13 0 95 0 62 64 19 16 82 60 0 0 0 0 129 29 0 0 130 56 91 8 118 35 0 64 126 2 113 0 96 67 125 77 22 0 39 0 109 0 74 0 123 0 76 65 0 70 7 80 15 0 51 0 5 17 85 132 109 95 22 0 94 36 66 103 0 123 
0 0 81 0 147 12 57 52 44 2 81 0 67 0 70 0 69 106 116 0 81 0 98 0 130 0 0 39 24 73 97 31 0 116 118 138 107 0 74 0 149 15 0 0 77 0 147 0 0 62 38 0 136 3 124 28 0 64 42 140 0 68 0 1 135 0 0 107 0 78 149 0 0 18 55 84 0 64 67 141 94 20 63 134 98 8 76 0 52 19 0 31 0 0 143 12 90 85 131 0 98 117 125 96 28 0 0 0 0 0 64 136 0 0 94 40 133 67 115 134 124 0 18 20 63 51 142 45 71 102 46 116 33 0 134 112 103 43 134 85 30 0 0 0 79 123 129 95 78 124 
141 120 0 0 68 107 104 26 51 0 0 38 0 78 138 69 0 105 54 33 111 0 52 28 0 113 62 0 0 24 0 82 0 0 109 0 61 57 110 7 0 0 57 15 105 40 71 31 126 145 0 0 0 0 84 131 7 0 27 91 101 91 0 143 89 0 8 0 5 79 0 70 0 0 121 35 30 71 0 5 106 76 70 0 0 0 0 149 0 70 126 74 146 20 32 54 0 0 90 0 93 31 125 0 149 105 69 12 0 61 57 75 0 140 90 0 72 125 135 36 55 38 138 10 84 136 77 2 111 86 58 102 0 32 138 107 125 0 46 97 99 120 136 0 12 68 31 0 51 0 
0 0 0 0 71 129 0 0 55 24 48 52 32 0 23 82 121 31 88 114 0 145 45 0 113 38 42 122 0 0 0 0 129 27 79 80 127 68 105 66 0 0 80 0 7 0 60 116 0 118 0 0 0 0 2 5 139 0 143 75 0 71 73 40 141 0 54 30 94 111 135 114 74 0 90 0 138 55 66 92 39 120 72 33 0 0 102 41 18 0 139 90 49 0 124 0 127 0 93 67 94 0 78 0 106 0 6 126 0 0 106 0 20 0 41 133 148 145 64 130 36 38 122 0 75 0 134 0 94 21 112 0 0 134 0 0 0 25 0 12 61 0 22 50 23 114 83 19 128 0 
25 53 29 4 42 89 44 0 74 21 0 88 108 0 0 35 0 20 125 123 107 23 52 149 81 0 0 40 0 0 22 119 0 105 111 148 0 0 70 115 7 25 0 28 134 0 36 104 0 37 0 0 0 0 0 0 132 129 75 7 10 50 0 46 0 0 47 112 80 0 0 105 91 79 104 0 32 48 0 11 25 85 54 147 48 88 90 98 0 95 0 0 0 0 0 116 21 95 145 130 46 0 90 16 96 46 5 0 64 0 0 0 64 98 40 21 145 10 20 0 148 29 0 148 30 28 65 49 127 44 0 0 0 0 149 0 27 0 0 0 132 141 149 37 0 99 44 92 57 103 
19 26 97 83 4 0 0 56 0 0 62 0 0 0 0 0 10 0 63 61 1 44 43 59 76 147 0 26 56 9 57 0 114 9 128 0 138 74 130 142 103 125 0 47 25 125 0 136 0 127 84 112 66 116 39 113 0 128 2 119 0 138 29 45 0 25 0 94 99 8 55 4 78 124 0 14 0 140 8 115 0 23 85 91 128 0 39 30 64 52 42 92 21 0 0 7 37 62 75 108 7 0 118 128 134 0 40 0 105 136 37 0 0 38 0 107 32 85 0 0 104 63 0 0 45 143 94 10 15 44 103 0 141 85 0 143 0 64 0 0 23 17 51 110 97 146 36 76 143 48 
6 96 131 135 107 115 0 90 0 0 122 0 134 37 0 0 0 88 0 0 55 144 133 31 0 112 0 97 89 0 145 131 21 51 106 116 33 127 0 72 0 28 89 64 0 0 101 35 0 78 0 0 0 90 89 93 0 99 6 0 0 97 95 146 0 24 56 27 94 127 57 0 0 0 36 121 78 76 4 30 98 0 62 42 0 0 64 105 50 122 117 115 44 36 0 59 140 62 43 85 97 76 0 0 97 97 39 63 0 141 15 0 0 0 106 79 0 85 0 20 0 115 0 65 0 0 130 68 128 0 1 27 92 31 141 0 33 149 138 123 72 140 0 144 41 114 75 77 0 48 
0 131 101 68 95 0 130 29 53 87 0 99 121 139 20 84 131 0 76 0 28 77 0 70 58 57 30 0 23 142 0 127 0 74 0 81 1 132 0 31 0 0 147 114 41 38 136 15 135 109 67 0 0 7 87 37 0 0 121 0 135 0 0 89 0 0 35 125 59 17 0 0 65 145 0 85 0 86 43 78 124 0 0 78 65 0 54 91 97 118 85 60 0 20 0 146 36 59 139 0 0 116 0 86 122 30 70 29 104 0 0 47 0 0 67 83 61 52 49 148 0 0 11 110 97 57 39 19 0 19 0 63 106 0 0 112 61 67 0 12 0 63 26 108 27 130 91 45 3 87 
123 0 122 0 7 132 68 17 0 123 9 37 15 107 50 59 91 0 48 124 17 0 135 0 89 55 9 0 74 4 0 0 103 63 0 0 104 0 0 0 53 0 0 0 124 105 9 126 46 88 72 37 130 0 81 0 0 0 97 47 51 21 83 40 0 0 96 0 48 0 0 69 104 0 30 33 0 140 85 94 63 71 0 0 8 139 32 83 129 20 133 148 88 134 29 16 12 101 3 0 2 91 0 11 60 141 104 91 61 31 33 135 40 0 0 0 38 0 69 122 74 0 44 73 19 71 0 0 0 0 0 111 88 65 4 132 108 75 0 76 72 26 10 7 0 9 74 0 13 0 
5 0 0 0 144 0 115 0 0 0 0 0 13 54 0 31 91 60 16 0 16 30 0 90 61 145 1 0 0 66 0 0 8 104 34 0 72 119 0 43 71 8 137 70 136 100 0 82 0 70 0 75 0 14 80 79 35 0 149 19 52 124 0 0 93 12 0 0 15 0 4 0 16 0 9 73 57 0 0 0 112 0 0 0 118 108 119 85 0 0 0 58 111 81 14 93 0 92 0 0 0 34 76 0 0 34 106 1 72 81 138 140 74 39 40 0 0 26 76 37 85 0 149 0 0 0 0 29 82 105 128 48 0 135 131 0 149 75 92 0 0 0 53 10 0 143 47 0 0 49 
67 0 88 17 116 0 147 69 0 112 0 110 0 74 138 100 120 0 0 58 48 0 0 0 0 0 116 24 0 58 0 48 61 0 0 20 0 0 46 0 131 24 33 0 99 57 0 91 4 100 17 141 2 143 114 131 34 56 75 54 0 18 91 0 0 149 0 0 5 138 62 2 11 39 4 130 117 0 76 0 107 46 48 18 31 0 75 98 147 82 116 88 133 0 34 44 54 129 88 70 70 47 61 123 0 70 8 4 125 39 145 0 0 130 0 83 0 16 20 80 102 113 131 0 148 104 143 0 0 114 109 28 33 0 148 93 98 26 7 68 17 38 72 61 16 147 23 72 0 0 
0 134 59 0 51 113 104 58 91 98 40 1 0 0 73 27 145 39 70 96 78 35 47 0 0 3 0 112 31 17 39 0 98 113 83 89 147 0 129 52 95 125 43 0 78 31 91 76 73 0 27 0 11 0 75 95 100 99 96 0 127 137 31 22 2 23 91 0 0 52 9 79 148 0 19 55 10 0 19 117 139 53 127 14 112 70 46 105 0 0 34 148 16 0 28 115 104 55 114 128 16 21 83 45 0 53 0 0 131 24 141 138 77 53 59 15 29 0 81 0 121 0 0 0 96 0 133 105 144 0 50 82 0 77 0 0 94 73 91 19 0 124 136 8 77 109 111 47 133 1 
5 0 92 88 0 0 92 0 28 0 2 68 0 0 14 18 0 82 133 29 101 14 0 100 0 0 0 0 129 0 91 0 14 0 0 38 138 48 0 64 0 101 67 0 0 2 30 40 144 131 5 0 0 77 0 41 42 30 0 16 0 101 0 0 15 128 116 22 0 0 112 32 72 40 137 85 16 0 0 147 0 0 66 134 31 102 53 45 0 19 133 66 0 0 91 72 0 130 0 72 137 10 0 21 103 25 141 91 0 0 0 37 131 124 0 66 89 0 0 108 0 139 21 130 39 92 25 138 69 71 84 91 123 114 6 72 37 16 0 40 0 101 145 74 97 30 109 0 15 148 
26 7 0 0 87 96 25 0 0 33 0 56 0 0 0 0 0 0 0 76 0 130 0 0 123 89 146 55 103 0 39 76 116 29 36 85 67 0 0 81 90 0 141 51 79 134 37 35 54 140 73 0 95 141 143 91 4 129 66 138 145 77 148 143 111 106 130 0 0 0 93 62 56 0 102 80 59 0 17 0 0 13 3 112 148 70 16 98 0 81 45 0 5 0 114 54 103 68 88 0 23 0 117 0 117 0 0 130 130 79 10 26 53 0 135 0 92 0 91 0 0 62 95 48 80 0 105 30 0 123 148 10 0 49 0 66 10 125 103 89 0 137 92 0 12 109 68 0 18 0 
107 44 50 104 0 30 65 135 63 0 97 98 93 0 106 0 71 10 125 74 102 70 61 93 0 2 149 0 46 119 35 0 9 39 94 0 56 23 45 0 42 140 54 86 135 48 18 101 0 54 54 0 113 0 89 0 96 117 0 136 4 100 54 68 126 121 104 37 55 11 66 0 104 115 48 2 36 0 0 44 10 35 97 0 113 0 0 121 104 27 0 0 149 0 63 0 0 0 0 0 0 67 0 36 88 122 116 53 14 0 13 121 91 0 102 0 47 0 0 0 0 133 148 0 79 137 84 27 43 43 0 118 87 70 38 137 41 137 82 47 85 64 35 83 50 47 0 84 16 0 
0 23 67 66 0 33 44 0 133 14 44 101 0 86 0 0 10 0 96 75 5 40 142 0 78 44 29 14 0 93 129 69 0 48 0 103 37 2 0 101 0 127 0 0 85 15 75 51 35 16 57 60 32 101 2 0 49 0 63 80 124 78 22 94 83 52 0 60 138 0 0 105 136 64 35 93 61 13 0 44 64 80 111 135 0 49 0 117 0 149 131 0 139 0 36 129 56 0 16 139 14 148 129 0 69 0 0 68 95 0 37 84 0 31 0 75 0 0 107 72 130 0 0 0 92 96 3 43 96 0 0 115 0 0 0 0 0 0 22 112 0 0 29 59 23 0 85 71 86 91 
149 23 140 34 138 61 98 97 9 0 0 62 139 0 139 123 1 0 132 43 75 5 126 20 93 94 0 109 138 101 0 0 42 0 83 122 53 58 51 146 0 146 0 131 76 0 77 89 120 42 95 64 8 130 99 134 72 0 78 0 0 144 0 117 17 0 0 41 117 43 0 114 81 73 0 97 103 25 86 0 84 0 0 0 72 28 145 52 122 66 0 0 0 54 5 0 0 75 12 5 89 48 89 4 0 0 135 119 138 0 49 0 4 86 0 0 117 25 144 0 52 115 0 73 0 9 102 0 0 43 91 141 45 46 94 98 0 0 143 0 0 55 0 0 53 91 0 61 0 0 
114 93 56 0 0 76 47 110 0 21 125 0 97 105 73 128 0 0 0 129 0 0 38 59 0 0 8 0 0 97 82 89 102 35 130 43 0 25 0 0 31 73 113 68 0 68 39 113 0 0 0 61 0 0 0 22 124 8 149 27 39 116 124 118 49 0 58 68 0 105 66 40 0 0 0 101 104 0 0 0 0 17 124 40 91 0 17 0 128 0 10 0 0 27 102 115 63 120 1 119 87 0 0 64 0 0 56 83 76 1 5 0 0 61 0 34 71 11 1 126 69 96 91 0 20 0 17 137 16 136 72 0 0 140 47 45 127 0 49 0 87 65 0 98 61 132 88 142 6 79 
125 0 113 0 78 91 14 136 7 85 0 0 0 96 122 0 14 0 78 0 56 0 0 116 0 0 33 85 16 20 72 88 137 8 11 59 0 59 8 73 0 69 129 149 135 7 38 58 0 129 30 0 11 38 100 20 103 30 89 48 2 0 32 0 91 0 26 102 84 0 0 98 0 0 128 120 122 63 0 103 0 0 145 147 0 28 84 107 136 111 0 0 99 82 86 82 97 55 99 17 42 65 133 113 0 64 33 0 41 0 0 0 5 0 0 146 0 0 50 88 102 94 0 0 0 27 72 0 131 50 31 149 48 19 84 53 0 90 121 46 0 0 79 137 0 0 0 5 0 69 
30 0 0 2 76 141 75 141 0 80 91 59 120 0 0 149 3 0 139 53 102 67 8 139 96 11 113 122 97 0 69 111 0 0 0 115 121 0 43 9 25 0 134 100 0 3 49 14 120 30 0 73 147 0 0 0 0 0 59 0 93 0 36 106 35 90 0 5 109 42 106 123 0 0 85 0 48 34 94 49 103 0 105 39 94 109 12 113 0 61 0 66 37 103 68 131 23 0 60 88 105 121 0 0 104 45 100 0 73 0 0 121 33 89 108 22 0 0 0 126 0 52 61 99 17 0 68 0 0 125 0 3 79 56 47 15 0 88 62 0 62 0 98 72 78 0 78 65 114 0 
48 38 12 72 0 64 138 97 141 0 19 0 0 55 24 108 97 64 0 0 46 0 141 45 0 81 21 1 88 79 87 77 61 98 34 0 0 83 35 66 104 97 83 43 0 42 21 127 130 108 98 64 47 111 55 28 114 0 83 87 0 0 0 125 0 106 0 0 0 101 0 123 0 102 0 7 0 43 0 0 122 149 0 79 81 116 14 0 0 0 146 135 0 26 0 0 85 22 64 43 0 15 55 138 148 144 41 0 99 18 67 0 15 87 121 0 145 84 112 0 55 0 112 95 109 0 0 103 0 0 69 0 0 131 40 67 93 123 0 67 0 126 129 0 23 0 0 56 0 90 
23 110 63 17 27 0 65 34 0 130 79 59 109 35 136 4 57 94 0 0 0 83 28 0 120 82 48 0 122 68 116 0 0 33 121 97 140 52 77 0 9 0 134 122 149 19 28 41 67 23 85 146 143 109 94 149 67 45 0 15 120 0 31 50 0 145 84 50 9 124 134 47 39 138 144 89 0 80 50 67 99 86 0 89 19 107 0 118 16 82 0 23 0 137 17 63 0 36 62 48 131 50 49 0 63 134 14 61 63 0 96 0 0 103 145 31 0 83 99 12 44 90 76 31 0 119 145 0 117 0 135 0 79 1 0 124 50 0 28 130 0 0 0 0 109 42 61 50 120 0 
0 38 33 0 0 12 130 126 12 0 30 67 0 75 98 134 4 38 113 95 7 85 1 35 0 0 90 50 11 37 34 0 123 0 104 112 109 0 78 89 68 87 0 5 0 0 78 23 117 77 0 0 46 32 56 25 0 106 0 141 104 125 0 37 0 94 0 123 33 42 103 103 42 144 0 0 30 16 123 18 33 0 25 0 118 12 35 0 131 6 61 0 76 135 47 113 46 143 103 8 119 14 46 35 88 23 22 59 30 104 0 64 17 7 45 82 128 46 74 54 61 0 98 0 147 0 121 0 0 0 0 88 42 83 52 134 84 126 126 38 87 0 84 13 73 51 14 36 45 116 
23 55 112 21 135 0 97 0 39 0 0 65 7 15 4 123 140 0 102 0 61 7 53 49 31 18 141 0 92 23 0 139 32 48 48 107 40 0 105 139 0 0 14 11 0 6 0 101 89 0 139 16 27 144 80 0 0 0 0 109 0 0 134 85 29 18 0 100 0 51 37 98 41 0 22 0 0 64 137 149 31 109 130 24 0 14 26 73 69 0 0 65 128 0 0 94 36 101 80 109 23 85 60 96 9 123 48 60 0 92 0 0 64 0 0 0 0 117 30 105 45 121 72 23 134 0 69 0 10 0 32 124 131 8 136 104 20 0 18 0 131 76 93 0 50 117 52 0 0 0 
0 0 0 0 135 110 82 75 75 106 93 121 109 84 129 117 12 120 103 99 143 145 24 9 119 0 48 0 0 123 0 80 100 71 0 63 104 106 8 135 120 132 0 110 0 33 16 108 0 118 81 0 96 108 0 22 0 25 7 0 48 31 107 50 0 22 0 0 2 0 120 15 0 0 136 132 31 0 0 131 48 0 0 102 0 9 117 0 10 149 0 0 0 142 135 124 15 0 15 0 84 110 115 144 53 63 0 9 58 37 36 28 8 117 132 0 0 69 67 0 0 89 20 18 55 144 60 0 81 52 0 23 0 105 124 0 140 31 0 23 47 55 0 45 0 0 80 108 80 0 
26 89 0 59 0 69 0 0 33 0 117 87 127 60 16 0 0 92 119 73 130 115 69 137 72 9 12 94 0 55 85 140 34 54 113 0 0 0 25 0 0 98 142 0 0 105 116 115 147 90 14 0 91 137 11 140 0 0 90 101 138 57 95 101 0 0 36 107 0 0 149 128 102 53 87 77 0 115 0 31 0 0 90 90 73 0 133 99 141 149 0 118 0 0 81 21 8 0 0 15 0 78 0 44 129 122 21 71 28 136 2 0 12 0 0 0 96 57 5 13 0 51 7 116 32 0 0 63 0 0 0 0 0 145 0 27 0 65 0 130 71 64 44 0 64 57 23 0 110 10 
120 115 66 18 124 0 88 39 81 97 0 146 28 102 121 98 0 109 10 77 112 0 24 131 118 0 0 25 91 0 25 54 5 21 94 6 0 12 0 98 93 48 0 66 25 38 73 58 76 149 0 64 0 42 130 54 83 34 8 0 0 86 0 0 48 144 131 88 148 0 62 60 135 47 0 82 115 0 103 36 0 77 0 110 51 18 38 72 0 87 23 0 112 46 70 139 9 0 110 0 125 132 111 0 129 28 6 0 41 0 44 0 0 58 0 0 77 0 29 9 28 41 0 92 81 18 0 50 0 132 118 137 0 39 0 48 52 42 59 127 122 96 48 50 0 0 6 0 82 125 
112 119 37 0 0 45 139 18 0 147 0 5 0 87 122 0 0 75 127 26 0 0 105 0 122 9 54 125 19 0 142 0 102 140 131 114 127 62 9 0 42 68 11 136 5 52 0 147 140 0 149 118 61 127 36 101 0 90 0 109 0 54 79 0 0 41 0 0 63 64 31 90 61 0 80 0 0 80 56 81 64 52 14 100 101 130 0 88 56 112 144 0 0 29 79 0 75 88 7 140 123 0 102 0 24 62 146 109 111 123 23 86 64 34 0 78 0 95 143 100 0 0 91 16 0 82 0 0 0 81 0 136 149 0 37 17 148 0 143 12 115 97 31 95 0 1 0 0 54 4 
33 62 83 0 126 0 0 105 18 14 30 0 0 141 106 21 0 141 119 72 0 0 65 62 0 33 0 3 18 142 0 0 59 0 141 39 0 130 107 15 0 68 38 0 111 29 0 128 142 35 23 42 60 33 30 94 0 12 114 0 136 0 148 10 0 71 0 135 125 0 0 40 0 85 28 0 0 38 0 116 88 131 76 0 137 44 34 1 43 106 24 53 0 46 141 113 125 53 140 149 133 15 17 26 63 0 0 140 108 26 0 62 50 6 0 100 73 31 149 104 106 0 0 0 22 0 3 31 142 0 130 105 18 42 0 0 0 14 0 73 72 0 118 0 6 130 8 82 72 148 
46 100 0 41 41 124 92 0 71 56 131 116 81 64 59 0 1 145 8 14 55 0 0 78 117 0 94 0 0 0 49 90 126 40 122 147 119 0 0 0 0 17 0 46 0 0 37 0 3 136 98 5 30 0 149 70 0 18 136 89 8 38 80 0 22 61 14 0 130 119 0 8 37 71 65 127 33 44 96 78 140 55 23 46 87 79 0 13 120 131 138 60 0 73 0 118 0 86 0 0 0 0 112 0 0 138 0 139 63 0 28 0 0 0 0 146 0 135 0 0 0 86 0 87 121 142 20 145 0 69 61 51 90 45 86 0 27 64 37 129 46 47 64 124 62 87 0 134 0 18 
102 126 136 0 24 91 10 32 126 129 82 104 2 43 0 57 0 15 0 0 69 0 0 90 71 0 69 34 135 0 93 0 35 8 0 51 108 91 1 147 9 72 61 44 0 45 130 143 48 14 20 122 52 15 0 0 0 103 126 0 107 0 0 0 0 75 0 46 0 111 0 114 110 0 40 146 38 0 0 6 67 0 8 51 0 31 137 50 108 68 65 31 130 142 0 94 113 64 46 113 0 0 87 76 126 0 0 0 86 28 134 74 14 0 145 99 49 73 0 77 38 0 0 136 48 137 142 0 34 44 115 126 145 95 43 0 0 7 0 0 15 58 55 146 88 68 0 0 67 116 
143 109 15 84 90 94 0 80 0 59 0 53 0 0 0 60 96 0 145 37 74 1 6 128 140 21 39 75 77 10 33 0 0 52 100 106 0 21 0 54 4 52 51 42 127 104 0 105 107 0 0 84 136 34 117 66 0 0 104 0 0 0 113 33 0 34 71 63 120 79 3 54 38 144 0 54 105 36 74 0 101 0 138 79 81 92 22 130 74 0 41 63 36 0 0 4 0 102 149 0 51 0 124 0 64 0 110 27 121 128 0 74 140 0 28 0 73 54 54 9 53 71 42 2 80 110 147 56 0 102 72 81 34 96 53 16 29 0 0 4 0 0 60 49 70 48 91 60 16 146 
0 118 41 44 11 0 28 3 107 63 143 0 0 0 0 140 28 0 26 79 17 102 39 69 14 95 136 105 35 29 125 1 64 0 134 123 0 71 117 35 102 138 0 7 0 90 0 11 136 88 117 81 88 6 2 0 0 0 68 136 13 65 49 0 53 30 0 29 113 118 102 86 21 0 96 0 87 0 106 0 0 16 23 0 0 31 0 119 70 39 75 134 15 0 38 30 126 0 145 83 77 113 0 4 0 137 83 75 21 0 94 65 122 146 73 105 95 0 50 52 102 83 0 141 62 7 76 0 139 112 0 105 0 50 0 0 123 10 0 0 0 0 60 0 112 0 119 0 72 0 
0 0 97 0 25 71 0 61 0 45 106 26 33 0 89 54 0 0 3 0 0 52 96 0 0 121 0 130 47 0 97 148 0 4 56 0 69 0 44 114 40 0 35 12 100 28 20 0 118 0 73 103 125 141 149 143 2 60 0 0 9 0 24 147 44 29 83 71 0 126 125 47 0 130 25 125 100 49 122 0 49 0 141 0 15 26 132 76 69 0 149 69 0 0 103 0 88 52 131 36 44 148 123 0 0 0 0 128 0 7 0 54 0 127 101 37 0 113 0 27 0 64 111 0 0 89 30 0 0 10 39 14 38 38 128 97 35 42 115 0 48 70 0 0 143 100 101 131 18 134 
104 109 64 33 0 2 95 145 130 119 124 130 107 0 0 46 110 87 0 0 70 0 29 46 0 79 128 0 101 0 0 92 0 0 83 108 104 0 1 11 85 0 2 0 131 127 26 0 41 143 0 147 0 22 0 63 0 54 90 112 9 3 0 59 0 75 0 116 13 113 131 0 116 138 127 26 136 114 71 59 89 52 101 100 87 0 0 25 0 129 49 81 66 67 45 34 26 47 117 130 78 32 0 0 123 147 0 47 75 8 0 46 83 95 107 146 0 74 108 0 0 0 19 22 56 16 0 48 31 0 0 0 44 58 89 0 0 57 8 0 0 55 0 0 106 48 13 127 47 0 
101 68 78 132 47 88 7 72 46 0 31 66 0 103 140 52 0 55 56 138 15 131 120 110 79 130 0 0 0 0 117 31 67 79 0 41 0 107 64 143 101 0 2 63 0 95 29 10 2 56 32 127 0 0 0 63 129 23 23 55 0 28 0 131 21 54 37 53 115 41 102 33 10 111 121 46 0 133 75 143 0 96 66 65 102 0 0 0 134 139 0 34 97 70 0 11 29 0 110 0 54 0 11 0 2 43 40 0 0 146 17 0 0 0 120 0 0 0 84 127 145 92 65 142 0 144 0 39 0 107 10 96 0 29 0 149 55 46 0 0 84 0 0 76 32 124 100 0 0 0 
116 0 13 0 131 110 125 122 76 146 82 0 0 71 72 0 103 0 101 32 0 134 0 61 70 4 139 14 0 0 142 130 0 128 13 72 87 134 91 129 119 54 138 123 1 47 125 0 146 64 0 127 63 0 3 87 107 91 3 1 59 119 124 91 144 79 64 0 0 145 87 32 112 0 76 108 48 41 13 114 76 19 86 0 42 88 134 30 139 76 34 123 52 89 0 84 106 126 70 0 134 118 138 22 76 0 0 129 0 120 0 7 0 22 146 37 88 78 10 92 48 112 22 125 0 0 126 35 17 38 119 41 5 74 4 25 66 0 43 117 0 140 0 68 113 0 0 11 58 0 
106 2 0 0 87 78 111 0 61 0 0 37 0 47 139 8 137 11 69 39 34 88 0 0 33 30 0 40 15 0 97 29 0 9 149 0 73 73 141 111 0 0 0 143 0 11 0 22 29 0 12 48 121 114 125 0 38 0 97 0 104 88 29 39 0 101 145 0 41 35 0 112 12 127 114 44 18 146 21 0 10 14 115 0 137 106 111 0 0 0 0 34 0 109 118 112 59 0 32 0 61 54 147 133 0 84 133 0 109 22 0 86 117 95 71 83 42 109 0 0 0 144 47 130 0 68 0 0 0 134 47 57 23 23 0 75 131 0 14 0 2 129 0 0 0 9 93 140 0 103 
0 0 24 109 129 77 0 0 45 0 41 0 0 23 72 0 99 0 0 26 0 42 4 0 120 40 121 0 0 99 74 0 0 59 145 65 115 0 0 82 0 11 80 0 0 46 0 0 0 52 0 86 84 0 0 0 116 85 0 0 34 139 96 0 72 51 123 61 141 48 40 149 83 113 0 46 111 32 62 135 38 6 62 7 83 86 37 0 137 36 0 137 0 22 35 71 14 108 69 0 46 117 21 146 20 0 89 28 0 68 0 0 20 109 0 0 84 115 149 0 0 78 5 98 83 0 0 0 119 125 43 35 0 0 133 64 40 0 10 86 84 0 74 79 0 141 0 0 0 0 
27 87 129 0 0 99 0 0 37 87 0 37 0 7 17 0 0 0 79 0 129 75 0 30 11 0 118 61 88 0 123 0 70 78 14 12 82 0 46 108 124 0 105 53 78 8 67 0 133 75 48 48 0 46 85 46 70 67 147 0 46 0 26 21 9 0 120 61 68 109 0 0 58 37 123 48 129 89 136 52 68 0 132 0 0 112 138 51 19 0 39 115 0 9 0 0 91 103 30 104 125 91 67 109 99 42 13 0 0 10 0 0 71 0 0 75 0 130 0 0 141 0 112 0 75 1 70 47 0 124 144 81 10 0 32 29 10 63 9 28 75 101 0 10 65 0 112 143 117 0 
124 0 16 4 18 91 0 77 111 0 143 0 0 128 0 71 34 0 36 0 121 105 97 0 0 135 0 0 19 20 0 0 34 4 82 110 0 61 100 15 127 0 11 98 0 0 2 66 0 138 40 22 53 13 0 38 0 73 58 98 50 131 0 67 117 0 78 28 60 0 0 62 18 0 0 57 141 14 20 30 0 43 135 79 34 97 88 115 121 0 0 48 0 99 60 0 0 0 0 109 127 78 129 126 20 0 77 0 25 49 106 101 17 0 0 0 0 70 95 32 0 0 0 94 133 18 43 18 69 37 117 3 127 0 121 0 104 0 106 45 2 0 95 98 78 7 0 110 57 0 
62 0 0 64 11 3 0 70 45 0 17 134 149 49 130 89 18 52 0 0 41 112 0 0 6 0 76 133 0 0 15 144 101 63 17 94 0 111 34 0 0 14 92 0 69 67 0 0 119 0 135 142 116 28 0 0 62 19 71 94 142 0 0 15 86 42 51 0 53 112 54 5 12 109 137 0 93 127 5 53 0 17 30 3 21 51 0 0 26 27 3 47 0 49 0 9 112 0 0 147 0 146 0 23 0 133 98 0 105 95 122 99 80 100 117 58 0 127 67 96 15 0 0 124 118 143 96 81 91 0 0 109 123 20 77 0 85 15 0 11 34 0 94 0 120 0 98 0 10 129 
140 0 29 113 27 62 0 78 20 27 54 38 68 44 22 41 105 0 0 138 83 52 12 131 133 90 71 125 0 53 61 0 37 144 95 0 9 0 90 123 3 118 0 13 63 91 113 29 125 55 137 120 118 0 0 93 106 93 41 4 0 0 65 116 14 0 121 53 41 129 60 0 4 143 4 114 0 142 0 37 2 130 44 71 65 131 36 33 62 0 0 107 147 40 0 0 0 119 130 29 26 136 0 0 33 64 0 88 0 94 140 0 143 118 33 0 85 0 0 88 106 0 0 58 111 73 0 19 140 36 16 0 0 2 6 81 84 92 48 114 0 97 0 0 87 0 7 6 0 59 
62 7 1 0 17 0 0 0 93 37 15 49 138 89 0 0 63 130 99 19 51 49 21 0 49 100 0 0 0 0 0 132 106 0 140 88 0 1 0 57 0 32 110 82 53 40 26 110 0 101 135 128 86 0 0 38 19 0 0 61 0 0 109 117 0 149 86 0 100 121 76 22 0 145 116 0 29 0 0 66 0 119 11 125 0 114 32 0 122 0 11 118 147 105 45 8 0 107 0 70 134 32 14 77 9 10 0 7 131 69 149 129 91 132 37 1 0 22 144 0 0 122 37 0 9 74 3 0 19 0 93 104 0 115 0 44 82 0 101 112 88 147 0 122 105 109 50 0 139 0 
