25
0 18 18 0 10 20 13 9 18 14 3 15 23 0 11 10 0 10 16 0 1 0 0 10 18 
4 0 20 9 0 22 0 0 0 2 0 0 0 0 5 22 14 12 19 0 23 0 4 19 0 
14 0 0 0 20 0 0 12 22 10 0 23 0 0 6 20 23 0 7 23 11 0 9 0 0 
0 19 10 0 11 1 23 22 6 0 18 22 20 2 23 0 20 7 0 16 3 0 3 0 2 
10 8 7 0 0 20 20 8 0 0 0 0 0 0 9 16 12 4 0 11 11 10 24 8 6 
10 6 24 10 11 0 15 12 0 0 22 18 12 3 0 21 10 10 0 24 0 21 17 5 0 
0 0 16 0 0 0 0 0 15 11 9 15 5 12 0 0 0 17 0 0 1 19 10 16 8 
11 12 14 0 9 12 10 0 8 0 22 0 17 5 9 0 24 1 0 3 4 0 21 7 0 
0 0 10 21 11 11 0 14 0 14 4 0 10 11 0 0 17 18 0 12 15 4 0 17 0 
0 3 1 0 1 14 0 10 10 0 17 0 3 21 0 23 4 10 23 21 1 10 5 0 14 
0 0 1 20 23 13 0 0 17 0 0 0 5 17 0 0 0 0 19 10 10 2 4 4 0 
6 0 19 0 10 17 0 17 8 14 0 0 19 14 15 4 0 2 0 1 0 16 13 0 23 
22 0 24 19 3 3 0 0 4 0 12 10 0 7 0 24 21 0 3 3 0 0 7 0 0 
20 11 6 0 15 24 3 0 0 20 12 9 18 0 3 18 1 1 7 9 12 0 0 24 18 
21 0 0 1 0 10 0 6 0 18 0 0 1 6 0 12 5 0 0 3 19 7 7 3 0 
12 9 15 0 0 7 24 9 15 11 19 0 3 16 0 0 2 0 0 16 19 0 0 15 3 
14 0 0 8 12 20 0 0 5 0 3 6 0 24 20 5 0 18 0 19 0 22 0 17 18 
14 1 18 22 14 17 4 0 4 19 0 0 10 10 20 8 4 0 4 5 8 0 9 18 1 
0 15 20 0 3 19 0 0 24 0 0 10 1 1 21 0 0 3 0 18 4 2 13 18 1 
0 8 2 18 10 0 12 21 14 19 1 1 14 5 0 20 14 3 7 0 0 0 16 16 0 
0 19 0 2 0 14 0 6 0 19 24 0 17 7 0 0 8 12 5 11 0 0 5 0 0 
2 8 15 22 2 4 0 0 0 0 8 0 13 0 0 0 0 7 0 0 1 0 16 7 19 
0 0 10 0 22 23 0 0 20 21 7 21 0 20 18 17 0 10 7 12 10 11 0 0 21 
14 19 10 5 1 14 0 10 19 0 10 0 5 6 0 4 6 24 15 20 6 21 23 0 1 
1 9 23 17 23 11 20 7 9 9 0 1 16 0 3 6 0 7 23 16 0 0 8 15 0 
