100
0 0 23 75 92 57 42 91 53 93 90 85 72 35 93 65 0 11 0 0 21 48 40 0 89 51 57 13 68 90 0 31 16 19 0 0 25 38 9 34 35 78 65 47 0 92 0 37 85 58 4 94 69 66 96 1 6 5 49 0 0 20 92 82 50 54 0 88 84 0 22 0 0 47 0 72 55 38 46 98 47 10 0 0 84 0 46 0 21 66 95 69 0 26 95 13 95 13 70 99 
77 0 14 5 58 46 41 29 11 96 12 0 0 75 69 97 84 64 42 7 73 19 99 55 29 0 40 4 0 59 61 84 22 0 44 35 0 0 86 46 0 79 0 0 0 6 25 25 94 95 88 0 99 95 57 0 62 63 0 83 0 0 9 0 0 22 22 99 95 0 56 10 0 77 49 29 0 90 0 3 0 76 15 0 2 0 0 30 70 60 97 0 0 0 17 61 70 74 0 0 
0 12 0 0 0 98 76 7 39 24 0 53 15 0 91 0 58 9 0 0 89 79 0 52 77 8 90 0 26 82 29 0 17 85 23 53 84 0 50 0 0 50 82 18 30 63 40 96 0 28 64 0 19 65 0 0 0 40 6 86 38 50 77 63 68 54 9 0 22 49 51 2 0 0 78 94 99 82 8 40 83 84 5 27 66 0 91 70 3 0 77 19 0 0 0 0 85 68 0 95 
63 0 49 0 97 37 67 4 51 22 96 26 3 37 87 33 62 96 68 0 0 0 85 0 96 0 0 9 86 0 0 80 0 93 0 0 97 37 0 27 77 20 35 78 0 45 63 78 2 88 18 96 46 22 90 0 29 0 44 0 0 29 80 28 81 87 48 0 37 0 37 38 42 0 10 33 0 56 87 90 0 6 0 38 66 0 19 18 0 28 2 38 0 89 98 11 17 66 33 0 
9 43 13 0 0 32 53 0 5 0 36 0 0 0 62 82 62 90 59 93 86 29 0 15 0 51 10 0 84 41 68 65 1 18 9 0 69 54 0 0 64 12 35 69 0 0 57 61 33 47 0 15 0 3 0 85 0 63 0 76 20 13 83 78 0 18 0 0 46 92 44 0 57 53 84 26 19 77 2 96 0 52 8 0 11 0 36 99 84 76 89 55 0 6 50 87 22 0 13 32 
0 19 56 74 53 0 42 0 0 75 34 0 27 77 1 48 79 6 28 0 25 63 0 9 0 57 46 0 0 33 5 42 49 50 0 0 0 35 63 0 52 22 43 83 47 58 0 30 45 42 0 0 0 48 19 56 94 23 7 73 70 77 0 21 1 66 33 9 67 3 53 46 90 40 4 95 95 0 0 99 48 29 0 0 11 95 21 69 73 0 81 25 24 76 0 0 18 32 12 0 
36 73 0 24 40 27 0 0 13 27 23 0 49 75 0 0 81 0 80 94 41 53 10 74 17 2 33 38 0 47 0 27 0 97 13 25 64 10 33 31 1 83 47 24 94 30 0 0 0 65 96 0 0 38 0 12 70 68 4 36 41 85 74 67 54 10 8 27 67 0 53 13 71 0 0 0 94 2 0 33 28 0 18 51 34 6 22 0 90 39 57 0 53 0 39 67 0 0 21 0 
16 99 0 79 0 48 46 0 0 95 0 23 85 84 76 70 70 56 0 63 0 0 78 17 73 0 20 0 15 68 90 72 8 7 54 51 45 0 0 61 0 91 34 0 6 0 4 28 0 65 0 43 62 36 0 0 0 65 0 0 16 59 0 0 7 0 97 74 0 0 14 98 79 93 0 97 90 45 1 17 72 35 0 1 61 90 0 87 0 88 97 87 89 24 62 69 0 4 25 39 
0 40 0 0 78 65 0 0 0 51 0 85 79 59 24 0 93 12 99 84 0 91 53 7 4 70 95 73 0 46 90 0 0 0 82 1 7 50 84 39 92 84 27 94 0 23 0 93 59 0 17 88 46 67 65 54 0 15 60 0 0 74 0 12 0 61 6 27 0 6 0 32 71 0 82 79 40 39 72 0 0 19 19 4 97 79 11 53 0 29 20 0 0 70 0 0 80 24 8 34 
0 46 92 94 0 31 75 0 5 0 0 64 0 23 6 0 32 30 83 0 33 31 94 90 78 67 86 38 89 58 4 0 0 77 82 89 11 48 85 0 0 0 56 70 28 0 78 76 0 81 51 97 0 0 20 74 0 81 0 49 0 86 32 55 0 0 15 45 89 0 27 0 0 15 92 0 7 43 91 0 98 0 0 62 68 22 91 89 34 0 0 62 0 92 25 0 90 0 56 0 
0 22 70 63 0 28 89 44 30 0 0 55 46 0 43 25 41 36 38 77 69 0 62 25 29 0 61 81 0 89 0 37 2 0 80 72 5 76 0 0 9 97 5 92 0 76 0 58 0 37 19 0 0 39 0 74 0 33 56 86 5 0 24 6 77 0 0 83 33 0 0 0 20 0 71 13 37 0 49 0 34 17 0 63 50 0 16 0 3 11 93 3 21 56 32 0 57 58 0 63 
39 1 10 25 17 0 27 6 0 56 0 0 0 71 74 73 86 33 0 26 77 0 0 69 85 0 0 0 0 0 97 77 90 36 4 3 63 0 56 34 15 0 0 0 0 0 0 0 42 23 85 0 19 62 79 98 62 27 24 78 32 37 0 0 62 46 8 31 29 0 41 95 65 66 0 0 18 0 0 99 0 99 87 0 0 48 38 46 0 93 53 92 94 8 84 26 21 47 67 0 
32 0 0 0 95 0 7 37 0 74 22 0 0 78 65 0 46 40 33 0 29 54 26 82 0 33 34 92 73 34 67 0 37 67 36 6 59 0 27 37 41 0 4 0 87 0 0 74 0 0 81 79 0 84 5 0 15 28 0 88 0 42 12 11 15 42 0 3 91 16 0 65 23 0 0 0 60 2 0 0 59 30 42 0 0 11 62 52 0 43 8 44 88 43 0 19 28 17 67 85 
37 0 62 0 39 73 20 69 83 55 65 0 26 0 0 0 0 41 14 78 57 23 94 0 0 0 0 74 92 0 4 11 66 21 0 23 52 93 17 30 0 0 44 0 58 84 0 0 30 72 29 48 91 81 78 86 37 67 53 0 0 0 28 3 16 15 0 13 59 6 0 5 0 77 93 0 92 17 5 12 41 94 0 20 0 85 73 3 2 10 0 0 66 0 0 64 0 44 0 6 
23 17 52 0 53 67 3 49 20 91 37 50 26 21 0 8 0 19 0 50 94 80 0 28 0 55 9 48 4 0 79 56 58 0 78 73 20 0 0 97 0 67 0 85 0 0 19 20 0 0 99 50 87 57 91 0 0 0 20 80 0 0 76 24 0 0 0 0 0 0 78 75 0 0 79 50 2 59 0 76 0 60 53 0 0 7 0 0 0 34 66 0 29 62 43 0 0 97 55 82 
0 68 0 61 86 15 44 50 31 0 0 24 0 55 70 0 67 9 85 49 54 66 0 91 90 0 13 0 0 29 10 63 99 0 24 0 0 50 87 0 0 0 37 67 65 53 70 81 97 0 27 19 65 68 94 85 3 40 52 0 65 34 0 5 60 75 0 12 86 0 91 0 13 0 0 94 0 0 30 98 42 59 90 4 12 76 0 0 9 99 0 0 94 0 5 0 0 74 85 79 
49 90 0 0 0 0 64 31 39 95 6 86 0 36 12 79 0 0 50 60 29 66 0 19 0 0 17 0 64 0 68 0 0 1 18 0 7 0 83 66 78 88 9 0 20 53 34 47 0 74 98 99 15 0 92 32 0 0 92 0 0 85 0 0 69 12 36 82 84 0 0 0 16 0 65 0 32 31 0 35 0 66 49 18 0 26 57 36 0 78 34 0 0 16 0 0 48 36 0 87 
0 24 0 0 76 75 11 0 34 0 59 94 0 74 10 70 4 0 1 85 48 41 0 49 38 0 0 0 0 57 0 0 13 15 87 0 89 38 0 44 3 90 36 0 0 88 62 0 25 0 0 0 5 31 51 27 77 0 21 0 52 63 24 94 19 54 0 0 20 3 76 43 52 45 43 0 70 0 74 87 1 0 34 40 22 98 45 71 0 0 24 78 0 0 0 53 17 4 97 0 
0 18 10 72 45 94 98 42 46 75 75 0 70 43 66 0 68 84 0 40 6 75 75 51 0 77 4 0 0 35 80 64 51 0 47 85 12 3 0 0 0 15 53 8 5 50 0 69 15 93 76 11 2 0 0 43 34 44 90 74 77 18 50 36 85 15 70 64 0 0 47 0 41 0 0 1 81 43 0 5 98 63 15 46 81 43 0 54 0 38 0 76 62 0 0 64 65 0 55 0 
98 94 0 17 66 0 97 0 76 36 62 17 0 97 91 89 82 39 37 0 26 20 0 8 1 0 4 88 16 76 75 15 91 20 93 81 77 0 42 0 0 0 0 16 65 43 95 0 65 62 0 10 79 0 13 92 0 84 0 41 0 81 71 49 0 40 83 97 58 90 63 14 58 0 83 84 25 37 10 63 13 91 48 42 0 26 0 27 53 40 99 0 20 64 0 5 87 91 0 0 
22 61 0 12 52 81 25 0 26 0 0 55 61 91 9 0 0 27 4 12 0 71 67 87 81 57 57 9 0 0 0 93 4 87 0 0 56 0 77 79 10 0 35 0 8 14 69 0 15 73 14 1 99 94 31 23 85 94 76 0 56 48 0 40 71 80 3 0 22 5 0 13 69 4 0 31 0 30 14 0 49 46 91 85 60 0 0 36 50 48 0 0 99 93 0 0 49 0 45 88 
6 0 95 48 0 17 27 79 14 19 96 17 26 64 0 74 44 0 31 68 0 0 53 6 81 89 42 81 75 64 31 34 10 17 27 53 0 20 11 8 0 95 73 0 23 0 0 8 0 90 0 0 81 84 0 64 35 0 75 19 59 98 33 0 0 50 23 37 77 0 61 7 15 29 0 0 0 9 75 40 96 46 70 85 55 5 77 0 77 86 29 51 0 0 87 0 69 82 50 44 
29 0 95 29 87 0 84 74 0 0 29 74 5 0 62 0 80 20 15 15 0 0 0 19 93 96 52 0 0 64 7 0 81 24 27 90 1 80 0 42 29 66 98 20 31 0 57 66 99 38 64 14 88 14 68 9 42 13 0 32 71 16 35 38 0 0 15 4 0 28 47 28 99 29 37 35 0 56 64 2 67 87 56 89 0 77 0 0 9 42 15 99 0 80 61 39 0 0 0 15 
67 0 0 18 0 0 63 14 42 7 93 75 18 42 93 44 29 97 83 0 0 59 0 0 0 0 0 93 55 0 0 62 0 0 75 40 69 22 43 27 45 53 53 81 72 3 0 29 0 45 0 52 40 10 52 56 0 69 9 0 32 12 25 0 54 0 92 24 24 70 43 38 68 35 8 42 0 0 87 27 15 27 0 0 0 88 98 0 0 0 0 45 65 0 18 54 17 93 0 0 
39 21 7 78 40 54 0 0 98 0 86 39 18 0 80 85 0 72 52 73 33 0 91 0 0 67 19 23 0 85 0 16 99 23 14 51 0 32 0 14 20 88 79 65 65 74 41 0 29 42 62 86 0 0 59 0 37 64 40 8 95 18 14 42 0 34 0 0 58 68 8 41 25 0 41 20 0 35 0 52 15 0 70 0 0 74 28 0 52 0 0 0 35 58 76 0 0 46 0 92 
0 0 0 29 48 19 41 96 77 35 33 77 59 98 29 79 6 30 84 0 90 0 28 0 17 0 99 52 0 42 0 83 68 0 0 0 76 0 0 32 20 46 28 6 0 93 43 50 34 47 47 54 0 10 83 0 61 49 84 3 31 0 0 97 54 0 79 26 0 40 20 80 36 98 13 0 67 66 67 0 0 54 0 0 19 57 25 0 32 0 41 67 66 44 56 66 11 77 80 20 
13 97 75 39 40 47 10 91 33 73 0 0 29 39 70 0 0 89 92 0 0 81 46 0 66 42 0 89 24 0 98 0 7 0 0 54 8 9 95 88 83 30 0 13 47 1 0 0 52 53 0 48 0 77 0 92 19 94 0 46 97 0 52 59 61 59 99 0 40 0 0 98 70 0 38 83 0 0 16 53 31 64 9 35 0 40 33 0 0 70 1 0 20 96 45 0 0 28 63 85 
0 0 70 40 98 74 76 32 17 0 0 35 16 15 32 83 99 39 0 0 0 94 0 49 86 0 96 0 27 0 0 45 28 0 32 49 0 1 0 40 46 39 42 78 14 0 62 86 70 96 95 38 98 64 0 69 95 97 0 0 86 0 0 30 44 0 38 0 85 0 71 82 0 20 0 35 0 1 0 46 0 36 0 94 45 70 7 6 65 43 60 0 65 86 97 0 21 0 0 0 
40 45 14 30 0 7 0 62 0 9 50 0 67 0 35 1 16 0 80 62 0 95 27 99 36 35 95 70 0 61 0 74 0 0 34 0 0 49 64 0 91 0 0 0 0 0 1 75 85 7 57 6 0 58 0 0 64 87 54 33 45 54 64 0 6 90 94 1 94 80 0 0 34 85 43 63 86 0 63 15 88 27 2 31 0 0 0 98 42 0 0 92 67 0 0 31 0 0 76 13 
89 7 94 0 19 73 0 32 79 42 71 60 0 34 53 93 46 25 0 82 0 74 0 67 71 92 68 0 0 0 0 0 0 51 0 0 0 95 25 98 9 0 27 6 93 1 0 34 75 35 0 66 58 0 38 9 6 73 30 80 33 0 77 0 69 26 30 0 36 57 73 54 34 36 37 0 0 10 74 18 0 74 0 0 0 23 6 37 37 0 0 0 0 0 86 20 81 0 42 0 
74 0 97 3 59 39 19 0 24 6 0 0 0 51 0 59 63 2 19 67 0 40 42 10 0 0 0 0 66 33 0 46 47 37 36 0 58 93 0 33 67 10 48 7 0 31 74 36 0 72 0 0 4 0 25 40 81 0 7 0 80 0 43 62 0 80 97 83 48 0 13 59 63 0 8 12 54 66 0 0 81 1 87 84 0 41 52 34 97 0 23 44 0 12 0 55 91 11 60 0 
16 81 55 26 12 18 15 82 63 25 0 9 90 0 0 0 92 77 58 77 0 69 0 0 21 74 83 7 97 87 0 0 61 26 64 88 13 28 65 8 0 30 25 66 0 8 0 70 79 31 74 61 0 85 58 57 35 37 0 92 53 60 14 29 99 23 39 55 48 3 0 47 45 0 33 2 0 61 0 0 85 25 0 31 76 77 51 0 61 99 85 0 6 0 82 10 49 34 30 48 
0 11 19 72 7 50 0 1 0 84 36 0 87 57 0 20 0 50 92 0 83 92 3 0 0 31 0 0 75 71 5 0 0 95 0 50 12 0 4 93 34 74 70 42 37 0 63 33 0 0 58 9 6 85 10 0 0 0 81 91 81 57 0 0 12 0 0 49 0 27 0 30 57 92 0 77 58 52 0 0 11 11 0 15 67 0 0 61 0 3 0 28 77 0 20 0 20 0 0 0 
78 22 14 10 10 0 91 72 34 78 2 0 2 11 33 69 46 86 0 67 64 0 1 1 0 3 71 48 0 0 64 0 0 0 0 2 88 18 93 23 0 36 0 23 67 87 0 0 83 12 5 12 0 39 0 14 50 93 0 61 16 59 0 0 61 0 0 0 0 19 0 0 18 0 0 0 81 34 76 77 85 79 0 0 50 0 0 30 67 0 65 0 0 0 0 22 0 75 51 0 
78 4 0 0 18 14 16 84 0 32 33 0 52 0 8 66 94 43 14 47 57 0 65 24 0 46 66 0 3 85 55 0 0 0 0 38 49 0 83 92 15 35 48 27 0 0 9 12 0 0 84 30 11 79 0 25 37 0 45 51 69 0 0 51 22 74 30 53 42 30 0 76 45 50 66 28 0 78 56 0 28 0 0 0 54 5 0 41 68 0 66 57 2 65 97 35 21 5 0 85 
38 22 0 28 9 0 0 58 7 41 5 0 0 0 0 29 22 0 72 29 13 49 74 0 81 0 0 0 35 83 0 41 43 0 82 0 85 64 0 73 52 0 0 91 69 0 0 0 29 13 83 0 86 85 87 8 0 34 68 83 0 71 0 82 13 47 24 48 0 76 61 50 34 81 93 0 0 45 96 61 33 38 98 55 59 0 0 64 0 2 0 56 93 54 0 51 10 53 13 0 
22 35 73 0 5 0 53 0 87 17 89 74 10 0 45 58 0 0 87 86 74 79 5 10 26 0 40 0 54 86 66 0 32 76 77 42 0 0 97 58 94 0 6 0 0 75 71 0 79 0 89 10 35 97 75 31 23 0 0 24 81 55 0 0 74 37 52 86 46 15 30 82 66 0 0 24 6 60 0 48 83 0 81 37 53 96 50 62 50 66 70 28 38 0 0 0 41 27 0 0 
0 46 0 0 92 87 0 66 5 0 28 68 13 85 40 0 2 84 78 49 0 75 45 0 92 0 0 72 18 41 0 84 0 81 35 0 40 0 0 25 0 75 0 57 48 33 0 45 0 94 55 0 28 67 0 39 80 85 60 58 30 93 3 76 0 0 9 0 0 27 28 44 11 79 21 87 13 23 77 24 0 87 91 0 88 57 76 39 81 0 34 97 0 38 0 60 7 63 33 6 
67 20 30 61 0 65 87 16 1 79 0 90 34 27 51 1 28 65 0 21 70 58 0 0 95 74 0 63 17 0 41 26 81 0 93 40 0 66 0 0 59 70 46 83 0 0 73 0 75 36 0 46 9 67 33 62 0 0 72 0 72 59 75 0 53 67 5 20 97 16 0 0 0 0 0 30 8 62 37 12 3 48 44 29 12 36 0 49 2 0 0 0 0 33 47 0 74 86 0 64 
0 47 17 14 52 65 0 85 0 23 12 21 0 85 51 64 85 98 0 0 38 0 0 6 68 16 0 0 53 80 66 23 0 0 49 90 13 19 60 0 81 59 60 77 0 0 45 40 12 0 0 86 43 37 41 0 58 0 39 80 33 0 47 39 19 51 0 86 65 9 0 0 65 0 97 0 40 0 86 0 0 57 81 86 0 0 97 0 14 0 14 0 0 82 0 69 51 82 23 78 
0 4 63 66 33 0 2 29 57 0 44 21 0 0 88 77 0 0 0 3 0 94 0 91 20 84 90 0 7 86 83 24 68 76 0 0 1 28 0 89 0 35 36 33 0 8 55 54 46 0 0 62 94 82 88 0 46 86 16 38 17 20 81 8 0 12 91 16 0 0 99 93 46 69 25 95 23 0 63 17 0 0 0 87 80 23 61 73 0 0 0 2 0 9 67 0 47 0 28 19 
21 0 0 71 0 72 0 81 91 94 69 92 31 83 0 88 60 60 32 25 0 31 67 26 77 0 22 66 0 33 51 66 0 28 9 6 81 70 6 91 77 0 0 50 79 75 92 86 30 26 0 5 13 15 34 0 70 11 0 16 68 0 26 41 82 61 69 87 84 61 0 66 50 58 21 60 0 0 0 0 27 0 59 32 50 0 0 0 83 19 0 64 69 0 35 60 38 0 99 92 
79 16 25 57 0 89 58 0 47 17 0 0 0 77 85 0 0 0 20 71 88 85 74 30 95 0 77 58 58 0 97 83 10 0 88 21 0 15 32 0 0 0 0 43 44 0 54 0 0 40 17 96 20 65 10 36 98 0 53 0 63 18 79 0 0 17 4 64 20 7 26 0 0 91 81 0 86 29 33 81 32 69 63 91 0 74 0 0 1 44 0 36 57 38 41 0 91 89 10 0 
61 43 64 13 82 72 12 51 97 40 18 15 48 67 0 0 10 28 85 37 54 0 35 38 2 95 38 0 80 28 0 84 0 38 56 0 28 53 81 37 0 99 0 0 0 0 97 0 76 3 0 52 96 89 86 3 4 0 12 0 70 4 0 96 36 30 46 0 74 0 86 77 0 0 90 0 0 16 71 4 0 0 0 78 15 91 0 2 67 86 61 5 74 6 85 48 49 58 3 79 
30 0 0 39 50 6 0 0 12 0 0 48 5 55 78 14 10 55 0 99 10 70 0 53 81 0 93 47 2 68 27 46 0 0 25 0 9 26 0 91 0 0 0 0 0 94 66 85 60 50 0 16 6 0 0 36 50 0 45 0 71 91 20 56 0 73 59 14 0 8 65 57 55 0 88 11 37 0 75 8 0 0 57 36 24 84 71 58 0 0 22 31 0 0 0 0 14 0 77 60 
70 56 90 61 34 51 2 0 3 57 51 59 62 90 43 0 0 32 34 0 8 17 57 0 88 6 0 22 16 33 56 27 0 8 26 89 0 0 90 0 0 23 77 31 71 0 10 0 25 30 60 94 11 0 81 0 78 51 0 99 0 0 21 90 65 2 76 43 0 75 0 41 97 0 9 21 0 0 0 0 93 98 64 49 38 0 6 0 75 49 0 76 0 66 0 18 0 0 48 31 
31 0 61 0 21 67 71 35 0 35 0 12 62 0 64 14 0 63 0 47 37 0 40 43 32 0 0 0 0 0 0 29 92 80 30 56 29 94 45 20 6 75 8 36 39 89 0 25 17 0 62 68 67 0 39 0 25 46 49 60 41 0 63 57 26 73 86 0 45 85 44 20 27 0 0 14 0 21 24 97 75 0 0 85 0 18 0 58 65 84 13 0 0 10 29 94 0 55 51 49 
0 0 0 0 56 91 52 47 5 79 89 47 0 47 63 0 54 97 11 1 56 15 0 0 17 22 41 67 17 69 0 58 50 7 65 2 28 0 42 57 0 0 81 56 0 0 0 0 48 61 0 88 0 40 0 18 9 16 0 92 21 40 0 90 48 0 0 58 0 73 13 0 0 80 47 0 57 0 0 0 0 0 7 47 52 79 54 89 0 6 26 53 10 18 0 89 43 0 0 48 
46 81 95 0 1 0 25 26 3 23 36 0 37 0 31 81 0 80 49 0 2 0 3 0 44 85 16 0 0 0 0 21 78 0 96 62 56 56 0 0 57 68 0 56 75 91 34 0 0 0 0 49 51 0 68 0 49 14 35 83 70 0 0 13 44 50 64 82 0 0 31 83 0 4 31 58 62 66 43 6 66 52 93 73 74 55 4 45 0 0 3 0 44 87 20 35 5 99 59 29 
31 54 24 0 96 42 76 15 83 9 0 19 23 65 0 0 0 66 95 94 0 0 14 0 72 86 36 9 0 11 19 31 75 85 0 0 49 89 52 40 63 17 37 0 0 0 0 54 0 0 0 96 0 7 39 0 21 95 18 0 0 30 0 47 0 65 0 0 57 16 44 21 0 0 0 0 32 98 23 99 67 62 0 83 1 0 34 97 0 31 5 9 87 82 62 24 29 85 85 54 
5 0 0 97 72 4 0 68 93 89 0 0 16 93 0 44 0 0 5 30 20 54 0 0 98 48 55 88 0 67 0 45 37 0 0 44 10 74 24 0 14 46 0 22 69 15 0 0 90 56 0 77 0 25 15 0 31 49 0 29 22 0 0 9 0 14 39 0 8 0 54 0 33 16 0 76 0 0 35 22 0 84 0 57 59 81 0 78 21 53 43 87 94 43 39 0 0 0 79 51 
0 47 41 1 0 69 84 62 0 0 0 0 74 0 0 5 0 54 92 47 62 0 0 81 0 95 12 38 0 83 58 23 64 10 14 34 54 31 0 0 0 0 89 92 0 10 71 94 33 59 32 0 0 9 0 99 16 0 95 0 19 89 0 91 52 0 42 69 31 14 6 0 71 36 0 24 49 0 94 26 82 0 29 30 29 30 25 0 47 0 7 33 21 75 22 42 53 5 61 18 
9 60 80 0 34 40 3 57 26 55 97 92 11 96 10 0 70 0 70 36 42 37 8 0 42 87 20 91 58 48 13 25 62 5 0 0 0 15 0 16 20 88 21 9 72 0 4 97 48 0 83 22 0 0 69 93 28 0 57 0 38 0 42 85 35 8 44 2 18 89 0 41 41 74 92 17 99 42 92 90 26 2 0 44 0 92 94 6 88 70 69 36 32 1 83 85 79 0 21 73 
0 20 30 0 25 0 37 17 36 0 22 0 29 20 13 0 89 0 0 0 63 64 0 0 36 0 0 37 1 0 32 33 99 0 0 72 74 0 17 42 43 0 0 87 11 43 9 0 57 68 0 41 0 0 87 97 1 98 45 0 14 98 83 53 16 67 56 26 0 51 0 0 23 61 0 71 46 27 58 16 65 48 96 0 0 75 22 28 0 0 55 45 7 17 70 0 80 17 1 32 
84 93 24 92 0 76 94 51 0 0 73 21 51 46 0 64 5 0 5 98 19 0 86 0 56 86 1 0 97 61 29 0 12 29 0 18 41 0 33 0 25 25 0 60 1 85 0 0 0 0 0 37 0 35 0 0 98 0 17 0 59 85 60 54 86 64 32 91 75 31 50 12 0 92 67 39 21 0 0 79 0 54 50 40 63 0 46 0 95 0 6 44 0 18 89 0 70 0 0 38 
70 13 5 19 1 0 60 87 0 0 0 84 25 73 2 43 8 0 39 79 19 57 2 0 0 83 44 57 0 0 61 58 0 39 0 31 26 0 6 0 71 86 65 10 93 8 0 3 54 42 63 0 34 0 32 0 56 0 52 1 0 69 0 0 79 0 0 28 0 0 40 64 39 15 0 97 43 51 56 0 36 0 51 17 62 0 82 8 0 23 0 89 0 21 61 0 75 73 0 93 
82 63 1 35 40 62 29 0 53 35 59 36 44 30 91 13 38 0 0 63 0 27 75 82 0 90 11 0 0 61 70 21 54 3 90 0 49 46 93 9 0 93 79 53 0 7 88 0 67 10 80 72 74 96 0 10 0 37 21 53 52 21 0 13 98 63 25 23 52 0 89 29 76 42 62 0 37 10 82 0 0 79 0 27 67 0 0 56 85 0 0 0 3 0 0 0 34 0 0 64 
91 0 26 69 0 0 0 64 71 87 56 71 0 92 99 75 0 73 35 70 97 74 0 6 88 0 59 0 16 73 56 30 27 24 78 0 13 72 0 68 0 81 8 0 13 5 0 0 12 98 75 69 0 61 66 4 35 0 57 60 76 53 0 0 52 50 0 0 63 35 47 94 0 0 0 0 0 32 35 96 0 0 8 0 0 97 17 74 39 0 91 83 12 99 0 32 78 63 88 55 
92 59 75 83 39 61 5 0 57 66 80 0 19 0 0 0 51 24 37 41 0 0 5 0 32 96 33 97 0 0 0 0 77 53 38 39 44 0 23 0 0 14 90 79 11 44 28 6 63 98 64 78 78 0 0 9 0 99 0 27 0 23 0 0 14 99 2 0 29 62 89 30 46 14 0 0 0 40 0 83 4 0 98 97 9 0 54 98 43 42 48 81 79 22 0 52 0 0 0 15 
6 0 0 44 0 25 61 0 23 29 79 0 28 83 84 13 47 78 68 0 95 83 68 36 55 53 49 58 0 0 0 51 68 58 0 68 79 0 71 65 64 0 12 85 90 19 32 0 83 34 77 0 74 44 0 0 45 16 61 0 82 28 0 22 8 37 76 17 87 31 52 88 0 39 67 11 0 18 0 71 27 25 59 0 0 71 0 0 93 90 92 71 0 50 28 15 21 45 51 15 
0 0 3 59 0 0 13 73 24 92 0 11 32 1 24 0 43 90 80 0 0 9 48 36 85 0 11 0 46 0 0 47 98 85 87 49 86 0 0 0 4 0 33 47 69 88 13 48 0 0 38 81 0 10 96 59 93 47 94 21 0 0 66 0 0 0 4 11 0 82 71 0 82 80 4 2 0 67 76 62 0 23 51 52 76 60 45 36 0 0 80 38 90 0 32 0 71 0 8 4 
0 74 28 24 39 68 0 76 95 5 11 60 0 16 88 7 0 84 23 85 0 0 98 57 64 44 76 0 0 43 15 4 31 62 0 30 0 1 0 58 45 0 0 73 19 72 49 69 0 0 63 73 5 66 43 0 81 18 14 56 23 0 16 24 0 45 0 20 0 38 22 43 36 1 97 0 0 4 37 19 88 86 0 73 83 0 71 98 57 0 0 51 0 70 13 0 87 18 43 31 
1 0 99 0 50 3 0 38 78 86 3 43 68 0 45 73 0 0 0 0 82 2 47 2 12 72 50 62 0 0 83 88 0 74 44 45 0 0 0 18 92 0 0 10 23 68 10 4 45 99 0 38 0 62 58 3 37 0 0 0 0 86 0 0 56 40 90 90 0 87 0 0 77 67 58 0 95 55 40 63 53 0 0 44 80 11 72 45 71 34 18 78 0 96 26 34 46 64 0 0 
16 2 0 77 21 0 15 96 23 0 0 13 60 61 31 6 80 0 0 45 0 15 0 0 68 42 0 59 90 0 12 22 13 73 59 33 44 0 71 2 32 4 0 50 45 0 0 56 74 74 6 77 0 9 65 0 71 0 27 45 0 89 0 0 0 85 21 13 0 57 69 1 60 0 4 0 0 0 0 71 0 14 0 19 13 38 90 38 85 36 27 2 91 78 85 58 0 6 49 61 
85 0 17 61 31 78 85 48 38 91 77 23 61 0 77 26 73 87 24 0 95 0 34 6 14 65 22 49 66 74 0 31 0 38 89 95 0 15 30 52 21 0 44 85 76 0 0 79 62 41 0 0 10 1 25 21 12 94 0 0 61 0 85 0 0 0 0 0 96 65 29 0 2 56 69 0 13 4 9 94 14 0 22 5 66 14 0 57 0 0 45 0 0 4 80 85 97 63 0 37 
3 32 14 97 0 0 66 0 75 47 74 0 0 19 62 91 24 0 22 40 25 86 83 15 63 0 0 54 98 40 0 2 76 0 9 71 0 0 0 47 96 31 0 27 56 0 11 6 89 81 87 0 63 0 87 41 0 16 0 79 97 77 7 0 0 0 0 0 45 73 0 82 0 0 95 52 86 18 18 39 0 0 0 93 80 2 45 0 7 0 28 71 96 39 71 0 77 37 72 0 
0 36 0 29 12 76 59 0 0 0 0 0 49 0 9 0 5 44 37 66 37 77 0 0 0 0 0 46 42 0 77 0 46 0 29 71 64 27 32 62 5 0 22 85 16 67 54 9 0 69 53 53 4 47 37 0 84 40 0 8 36 47 73 0 57 0 0 1 0 0 53 0 83 73 0 0 87 24 0 15 0 75 75 0 0 0 80 0 57 46 72 0 3 0 0 0 46 72 34 34 
9 0 57 73 34 5 49 95 0 17 83 0 93 0 44 74 0 62 3 0 1 0 54 92 61 68 0 35 31 0 13 0 0 7 95 70 87 98 0 90 63 53 1 9 0 49 7 27 10 0 64 24 92 66 0 79 21 95 78 5 46 62 80 23 0 57 3 0 32 0 94 82 69 20 14 0 0 0 67 12 0 30 1 0 74 40 49 66 0 79 0 85 74 31 58 0 80 53 0 70 
82 56 95 64 16 63 59 0 0 0 1 23 0 0 77 34 0 0 0 99 0 0 0 35 52 0 58 83 30 0 0 67 24 64 44 52 71 0 0 48 78 46 59 57 7 0 14 50 98 40 39 26 77 0 76 18 35 0 99 0 28 97 91 14 82 0 74 83 0 55 1 97 94 25 80 69 77 85 55 70 0 0 0 39 7 85 80 43 12 97 4 63 27 50 57 82 83 28 0 27 
0 3 47 95 31 0 65 0 31 83 0 87 77 23 29 31 87 21 19 95 40 0 14 52 24 0 43 13 95 19 37 37 0 3 52 0 11 74 0 59 20 53 3 0 95 26 0 3 25 30 0 0 0 87 0 0 0 0 0 32 21 94 0 15 72 0 82 23 64 0 0 62 74 0 60 72 9 40 0 0 95 0 38 61 80 51 50 49 22 85 57 65 39 81 41 33 94 63 0 91 
25 0 0 90 0 0 0 0 0 92 72 79 0 4 0 31 32 2 33 0 56 0 88 0 0 48 1 27 48 25 6 78 0 14 0 0 0 11 0 97 4 45 92 0 72 49 28 7 81 55 97 61 0 0 67 77 0 40 0 70 79 0 87 0 27 26 0 0 29 0 0 0 33 0 0 36 0 17 96 50 33 78 18 85 0 24 56 0 0 23 0 29 84 98 87 72 80 0 0 0 
90 0 0 44 19 92 23 0 89 0 21 0 2 91 52 0 41 42 71 14 17 0 40 93 72 70 75 50 78 17 61 56 95 54 0 52 68 0 91 32 78 12 85 89 89 9 96 57 99 0 0 82 7 40 40 93 0 5 10 56 0 0 0 77 42 27 58 12 79 66 0 0 97 30 22 67 0 55 98 10 78 51 0 32 0 67 77 17 0 36 1 0 79 12 0 0 42 63 0 73 
0 0 0 62 42 76 0 91 78 42 81 2 63 22 95 0 99 0 58 0 7 66 5 78 21 33 0 41 87 0 0 53 0 0 12 9 31 60 0 69 72 76 91 65 72 0 2 85 80 65 83 0 0 0 82 0 72 8 54 26 96 45 0 32 54 0 43 0 12 0 4 29 0 11 68 49 5 50 0 0 51 0 0 33 0 0 43 74 43 99 0 0 0 0 84 68 0 55 52 19 
54 50 0 23 16 58 42 92 17 0 98 0 0 26 0 0 0 36 45 15 45 58 8 43 92 0 31 54 89 88 38 95 60 0 1 14 21 90 43 71 0 97 82 0 30 23 0 85 3 42 45 0 57 0 0 0 0 0 0 8 47 90 18 43 12 66 86 50 57 70 62 90 69 0 0 0 50 39 65 0 0 54 24 0 42 16 0 26 78 0 0 82 58 95 0 5 24 54 24 0 
85 50 0 0 0 0 22 7 94 30 59 21 0 64 0 99 3 0 81 24 75 0 0 3 0 81 0 0 8 19 0 71 0 0 38 14 42 55 73 13 75 44 0 0 60 51 61 0 0 27 6 1 0 0 49 26 32 70 76 0 0 0 0 0 0 68 66 48 0 82 0 97 8 35 0 20 63 0 57 44 67 75 36 14 0 0 45 96 32 23 0 43 62 3 42 17 49 17 64 0 
0 2 0 0 68 0 45 50 33 71 33 95 70 62 68 27 12 0 0 87 87 47 29 26 81 76 0 80 0 98 59 59 98 0 89 54 81 0 97 33 50 0 52 87 0 4 5 48 31 97 15 27 9 42 81 0 0 14 0 0 16 0 32 65 0 27 38 0 44 0 32 0 0 54 0 0 6 47 67 53 65 1 7 59 99 0 6 26 84 43 0 43 63 17 0 43 0 4 0 1 
0 81 43 0 0 0 0 83 62 45 0 0 83 0 47 81 0 28 79 50 0 0 66 0 0 0 0 68 0 21 0 71 0 1 21 51 48 45 67 0 43 0 90 0 0 79 78 66 31 41 51 80 0 34 0 45 0 0 22 35 0 76 0 55 0 0 8 0 48 0 11 20 0 0 57 59 0 79 0 0 13 44 16 68 0 40 85 0 32 48 0 0 89 0 30 61 77 0 35 0 
23 0 0 0 65 84 0 0 68 17 53 0 6 0 0 21 6 0 0 70 21 13 30 82 57 30 89 0 49 40 45 58 77 8 0 0 29 41 0 25 47 0 58 74 0 57 0 18 0 0 33 0 8 0 70 64 16 33 0 0 60 0 0 5 0 37 0 0 0 78 92 0 0 58 37 78 47 0 0 54 19 26 33 0 9 37 0 28 39 92 8 0 20 53 0 61 97 51 14 0 
36 12 0 19 6 0 53 58 95 0 60 2 1 51 74 0 0 72 49 17 41 31 51 97 55 0 72 98 32 0 0 0 0 90 73 0 71 50 40 5 20 0 22 0 0 0 44 0 17 62 55 0 28 92 42 18 38 1 62 0 64 0 61 8 24 71 0 53 40 70 0 47 0 82 0 0 0 57 0 41 52 29 98 0 85 4 19 42 77 73 57 80 15 0 0 62 0 27 10 82 
15 46 4 60 35 50 5 74 39 64 49 0 0 49 0 72 4 91 41 30 18 77 0 67 0 0 0 12 73 0 76 0 52 99 73 16 69 64 58 53 80 0 15 37 76 86 53 58 66 27 1 34 0 88 43 49 0 54 39 0 0 88 0 19 30 65 80 80 2 0 25 52 0 21 87 0 71 95 12 0 69 1 67 59 34 67 92 5 72 0 75 67 33 87 63 0 62 7 55 0 
25 0 0 6 39 9 4 46 94 0 84 69 32 87 0 59 27 0 93 9 95 20 61 0 72 0 14 0 65 18 34 28 33 49 42 18 34 77 64 91 81 43 10 0 96 52 28 61 88 9 41 0 0 4 0 77 55 0 58 0 5 16 0 0 46 84 29 96 38 0 76 2 76 33 0 17 91 74 0 78 0 0 85 74 0 99 59 16 55 0 97 94 77 68 3 0 0 0 22 0 
88 1 35 0 0 0 49 17 49 99 15 45 69 54 0 11 73 82 9 70 0 41 30 34 35 28 0 0 0 0 0 3 95 94 0 0 0 0 87 96 31 51 0 11 79 0 32 88 94 39 60 92 75 9 77 14 53 9 45 78 53 27 95 31 67 34 0 0 33 3 96 0 76 0 0 0 0 30 0 0 0 0 0 38 67 12 21 79 47 32 13 0 0 47 25 0 0 0 90 97 
0 94 3 0 53 46 92 55 62 44 0 29 92 16 64 0 62 91 69 23 32 30 34 40 65 0 0 46 50 60 0 0 66 76 59 28 96 87 93 0 8 72 0 0 6 16 37 85 61 73 94 49 0 82 7 0 0 0 42 0 82 95 40 62 0 0 8 95 75 30 94 0 2 0 73 0 72 0 0 85 64 93 0 0 0 0 76 24 13 58 89 85 0 95 97 22 55 44 56 65 
0 78 0 0 51 33 3 0 0 0 88 31 76 56 43 0 16 4 16 0 0 0 84 96 11 31 0 0 27 66 33 62 0 0 51 73 19 3 0 59 0 0 0 93 29 72 63 60 85 18 59 0 0 0 0 0 18 20 51 0 10 0 0 0 18 10 4 95 66 0 43 0 69 88 48 15 37 60 42 0 24 0 8 0 41 89 85 87 18 40 0 0 59 0 0 50 61 66 0 44 
41 3 70 46 94 52 0 16 0 6 56 19 20 53 30 83 55 96 0 49 54 60 83 54 0 89 0 0 0 97 79 0 60 27 0 80 0 0 0 0 32 62 44 86 42 0 9 88 10 0 0 82 6 14 29 23 56 0 27 0 0 0 0 0 14 48 9 87 78 80 3 66 30 44 57 0 96 95 0 0 93 95 65 0 0 94 87 70 42 0 0 90 41 47 33 0 0 0 0 73 
0 67 0 7 16 0 44 0 27 90 0 0 62 44 0 0 54 23 77 53 12 62 58 49 4 82 18 0 0 0 10 0 0 7 41 0 0 24 3 48 64 85 17 38 0 19 43 0 13 80 0 39 83 0 90 29 0 20 37 15 42 20 0 0 12 80 27 88 91 0 0 0 17 20 54 74 60 22 84 9 0 0 5 38 89 0 93 92 0 76 31 55 33 8 0 53 58 0 0 12 
0 0 87 7 67 23 19 65 45 37 46 0 51 0 74 95 0 45 64 32 73 0 63 0 63 0 43 17 67 12 19 6 38 0 0 52 0 40 59 22 2 88 94 18 0 0 35 0 36 88 0 0 37 37 82 25 45 0 0 32 49 21 92 35 71 21 35 52 0 0 62 81 74 33 0 66 70 25 41 96 0 65 33 71 25 23 0 0 0 4 0 36 94 90 13 0 42 76 1 88 
98 0 15 38 47 78 0 7 68 0 0 59 29 39 44 0 86 14 71 0 0 78 84 0 0 32 31 0 88 22 0 13 98 77 71 0 43 79 10 32 0 33 17 46 23 55 41 0 68 27 14 47 21 25 29 13 0 62 0 27 0 0 72 54 40 0 28 23 5 92 34 0 0 0 36 0 12 67 0 3 99 0 31 0 69 21 0 0 62 0 84 69 0 45 63 30 0 69 79 96 
32 25 18 0 18 77 50 0 51 0 71 10 28 0 17 22 80 94 20 9 55 77 87 0 92 0 13 0 0 0 23 62 77 40 0 88 7 0 0 0 94 0 44 98 70 93 95 0 85 0 64 0 21 74 9 0 79 19 0 2 0 61 67 3 0 0 77 11 29 0 23 95 21 0 0 40 0 3 0 98 6 52 8 91 75 37 0 0 0 71 96 23 83 20 88 63 37 63 60 59 
44 0 54 0 11 0 1 26 0 0 60 0 0 0 0 0 15 0 42 80 0 94 0 38 0 6 98 11 0 37 93 14 39 45 56 0 50 0 5 39 0 0 94 0 28 0 0 12 73 55 0 0 0 62 28 46 97 16 13 96 69 47 77 0 0 0 4 48 62 84 0 1 0 0 0 32 0 32 0 69 0 0 83 67 6 3 19 50 0 0 0 0 84 31 85 0 83 20 82 3 
69 85 81 56 0 0 77 0 0 63 58 58 22 60 0 22 7 16 0 33 0 15 74 8 0 46 0 67 78 0 25 72 0 70 77 0 25 97 0 0 27 13 69 16 11 97 68 20 79 76 4 64 0 16 89 18 59 88 0 0 42 22 21 0 0 0 98 0 0 76 12 0 0 0 12 0 0 0 83 37 4 11 0 22 0 0 73 31 0 0 0 0 6 0 0 40 49 0 0 0 
26 54 94 0 0 2 0 55 0 0 0 0 0 21 0 26 99 3 80 0 54 74 35 56 0 77 81 40 0 47 3 36 52 0 99 91 54 94 55 46 85 13 86 27 56 50 35 47 0 80 43 60 44 8 99 0 70 65 40 60 0 7 0 46 19 76 25 7 0 0 27 0 43 0 0 99 0 63 0 0 98 21 0 68 0 35 0 76 57 13 97 0 88 98 30 0 0 49 0 0 
28 57 34 49 94 44 73 60 19 72 16 8 27 57 11 0 17 0 37 47 0 0 6 24 0 73 0 0 0 0 0 93 52 16 83 69 98 0 24 46 84 24 14 81 0 6 53 39 65 77 48 27 48 67 7 74 13 57 0 94 68 84 83 18 69 61 36 0 50 11 0 11 0 14 76 0 39 0 67 47 0 12 87 44 28 17 0 86 70 0 0 57 0 0 41 27 65 10 45 69 
16 0 0 22 82 22 54 10 8 98 0 0 37 0 0 18 76 0 77 77 0 28 53 78 2 21 0 40 51 95 62 0 0 47 32 0 7 7 0 0 32 81 0 0 0 29 19 30 0 6 0 0 0 57 21 87 50 48 89 0 43 61 98 0 53 8 4 65 47 0 0 0 0 0 0 14 17 79 0 0 18 0 65 49 79 0 78 88 0 19 32 33 57 0 0 52 82 0 50 0 
0 0 31 43 35 56 15 99 41 7 13 87 0 0 0 20 87 12 5 46 29 8 39 30 0 0 85 0 88 62 3 2 10 77 81 0 0 27 75 0 21 0 0 21 90 0 46 5 9 11 0 93 74 74 27 66 0 72 31 24 0 0 53 41 18 7 59 83 77 1 0 63 72 0 21 13 0 0 0 29 0 80 0 73 68 83 87 8 50 89 29 0 1 96 0 31 29 0 0 30 
37 37 89 75 0 32 60 68 0 67 58 0 11 83 8 0 24 42 0 39 8 0 97 0 72 8 20 22 80 76 14 41 89 69 51 23 80 84 34 71 19 80 26 69 0 14 66 7 96 8 27 88 67 6 62 43 81 36 7 24 0 89 99 56 51 77 31 12 47 0 59 0 0 0 0 92 21 0 6 7 96 30 0 88 36 8 34 11 21 39 56 55 13 74 39 0 23 51 50 58 
0 93 33 0 41 35 0 76 79 0 61 0 0 41 89 0 9 0 0 12 0 71 63 47 0 71 4 96 39 0 27 6 0 78 18 0 77 0 0 22 54 17 89 41 50 37 12 88 0 93 0 16 0 31 0 13 0 15 0 0 19 30 0 0 0 12 7 42 0 19 55 19 25 74 0 92 58 3 0 0 12 32 93 0 98 0 55 0 0 0 8 30 0 0 89 67 0 0 0 72 
56 0 0 0 0 49 0 33 0 70 75 26 0 86 86 0 0 82 98 59 43 33 30 0 14 0 87 0 82 0 80 0 64 66 65 48 39 0 83 30 0 90 0 94 17 0 90 68 90 35 85 0 0 0 44 26 69 0 54 72 0 0 0 51 90 54 89 43 0 9 63 0 22 0 34 46 58 62 0 72 91 0 79 0 0 73 0 1 69 77 80 18 0 47 0 0 0 0 15 31 
42 88 0 17 64 0 68 77 30 49 0 70 0 19 29 0 26 54 90 25 0 80 0 0 80 46 14 11 80 49 0 0 81 0 98 1 0 72 21 74 42 0 31 97 32 0 58 36 76 25 0 34 83 0 67 0 0 87 65 0 0 0 0 46 0 50 79 20 51 0 7 77 95 0 59 78 29 0 96 12 17 22 0 26 0 33 25 43 0 2 64 77 13 69 43 52 29 46 0 12 
29 32 31 0 91 0 96 0 65 78 38 57 26 43 14 77 12 19 0 27 0 25 19 24 78 44 50 25 3 0 77 6 0 0 0 0 0 0 45 65 59 59 35 0 0 29 11 0 0 0 63 5 79 0 0 3 29 71 17 12 76 25 50 84 89 85 0 41 41 54 87 0 79 65 0 0 45 68 15 1 75 0 49 71 0 27 84 51 42 83 0 0 28 0 21 54 69 3 93 0 
