50
0 38 31 12 10 36 25 20 24 0 0 47 8 0 15 7 30 35 0 13 7 0 42 4 20 46 33 37 8 33 45 0 2 40 9 28 0 36 9 0 40 30 0 6 23 35 35 22 12 26 
8 0 45 24 7 0 14 8 41 26 0 40 11 0 0 45 0 3 20 16 28 0 10 6 0 0 1 37 32 19 5 48 0 0 41 15 0 0 26 0 22 0 3 29 0 0 0 0 18 7 
10 0 0 0 0 6 1 0 35 0 25 0 23 20 26 0 0 48 17 41 0 19 31 0 0 28 38 0 36 34 0 24 49 37 47 0 0 39 46 29 18 0 0 37 0 34 0 45 0 44 
12 0 23 0 35 0 17 31 46 0 0 0 0 0 0 9 0 22 0 0 0 1 11 13 18 0 28 15 10 0 21 26 45 6 9 38 4 35 33 24 48 0 0 18 0 48 33 0 16 23 
0 43 12 42 0 0 31 2 42 46 12 32 0 23 17 0 0 4 36 19 37 43 0 42 0 19 10 12 4 0 45 30 0 32 34 24 26 0 42 12 0 14 0 0 0 43 0 28 13 44 
0 9 6 31 37 0 21 38 41 49 37 9 0 11 49 28 24 27 1 0 14 40 28 4 40 21 41 8 18 26 0 0 18 0 17 0 16 0 27 19 0 48 0 39 16 6 0 35 42 14 
31 0 0 14 5 0 0 16 0 40 16 7 17 49 0 28 25 0 0 0 17 36 9 35 37 41 0 25 28 0 45 3 22 15 0 5 6 8 0 32 41 31 32 28 40 18 18 11 41 1 
16 48 0 41 40 42 30 0 34 33 0 0 37 34 0 9 21 23 20 0 6 0 0 17 42 0 41 17 18 45 0 28 0 0 0 6 35 0 2 7 25 0 36 0 44 28 0 0 0 21 
8 40 13 3 20 30 8 48 0 0 0 49 19 15 3 0 43 5 18 0 0 17 0 0 0 31 0 30 23 29 0 0 31 27 13 49 27 0 17 41 9 0 44 37 25 42 0 15 33 14 
0 21 19 21 41 0 43 35 21 0 35 46 0 34 48 0 37 0 15 12 3 32 0 44 48 18 1 0 25 24 36 0 0 0 0 9 12 5 27 19 0 28 0 5 2 39 11 0 33 42 
0 46 10 17 30 23 0 0 48 43 0 0 22 5 21 0 0 0 45 40 0 0 0 22 32 18 47 10 22 46 0 24 0 0 0 8 41 46 18 19 2 46 0 25 13 31 34 0 30 0 
11 4 0 0 48 0 0 0 0 44 26 0 4 41 5 22 29 43 2 13 27 0 0 19 39 3 16 15 27 15 0 0 27 4 39 11 0 0 7 5 32 37 17 0 40 20 16 6 2 18 
19 1 20 0 0 14 0 22 28 30 19 32 0 43 45 0 0 43 35 23 0 12 0 0 21 23 35 5 0 3 27 0 36 0 0 8 44 44 37 0 37 47 0 3 2 38 1 0 0 16 
36 34 0 25 0 0 14 0 0 35 9 42 0 0 31 20 0 20 5 30 21 12 7 0 30 2 0 24 36 23 1 25 25 30 0 21 47 0 35 0 17 0 18 20 44 0 39 11 44 11 
27 0 31 0 31 0 0 11 23 32 20 25 21 6 0 18 0 32 25 39 27 26 0 0 28 5 0 2 40 0 45 11 24 39 36 31 0 0 0 45 0 0 44 8 0 27 0 14 30 14 
33 33 0 48 43 8 9 32 0 8 42 0 0 39 33 0 24 15 41 34 0 22 36 0 23 9 2 0 0 4 10 31 0 0 45 45 19 22 30 12 20 49 6 49 6 13 3 43 28 28 
20 42 12 2 22 15 0 0 21 7 40 0 24 11 15 0 0 4 0 0 0 43 11 4 47 0 0 0 7 13 0 35 0 4 33 11 25 23 0 47 33 0 40 47 7 22 0 48 0 25 
16 0 40 0 0 0 35 40 28 0 22 24 17 0 0 0 44 0 10 10 41 44 0 0 40 16 27 0 37 36 0 0 22 6 49 32 2 0 38 20 11 30 0 0 0 9 4 0 0 11 
0 44 16 27 0 22 44 2 24 16 2 0 0 0 25 0 38 0 0 0 24 44 45 15 0 8 28 37 0 0 10 0 23 37 10 0 0 20 6 29 0 12 0 49 0 23 44 17 3 0 
0 0 27 41 2 28 0 0 47 0 15 49 11 0 46 41 0 30 34 0 29 13 49 30 18 17 12 15 0 24 45 18 26 0 11 0 0 0 28 0 30 0 22 6 0 0 0 20 15 2 
12 27 2 23 0 0 0 39 42 49 41 0 0 0 0 38 1 10 0 43 0 0 23 3 48 0 0 0 45 38 48 0 48 30 33 0 0 12 0 0 29 36 8 43 16 13 18 0 0 17 
45 39 0 0 13 1 27 0 41 0 6 3 15 48 3 0 2 33 9 24 18 0 0 17 12 0 42 36 16 12 46 41 19 2 11 47 47 0 8 7 0 0 13 0 21 41 0 0 14 2 
31 0 29 0 12 18 18 27 7 35 11 0 0 5 37 44 0 21 28 36 43 42 0 32 0 0 18 34 48 26 1 0 0 37 31 8 49 23 14 0 15 32 0 30 0 2 36 0 30 21 
45 46 0 38 0 9 0 43 0 0 21 0 14 43 16 30 1 31 8 7 0 0 0 0 6 49 35 0 7 0 0 0 16 10 43 27 46 8 36 0 41 42 47 49 39 12 42 49 3 27 
35 36 38 0 0 0 17 23 0 22 44 41 0 0 0 0 31 0 16 0 19 0 0 13 0 0 0 4 30 17 18 0 25 35 32 0 38 20 2 0 9 3 41 15 2 0 0 31 17 3 
0 32 0 0 42 43 30 21 0 41 38 0 42 17 0 35 45 12 46 27 12 22 3 41 8 0 10 23 47 44 41 40 1 23 0 8 24 3 27 13 0 47 32 4 1 4 48 8 19 6 
23 38 49 27 0 17 7 33 17 15 1 5 4 22 37 7 23 33 10 35 12 0 4 19 40 31 0 0 22 0 0 5 31 17 48 0 23 15 16 16 0 23 0 23 0 0 4 22 0 49 
10 2 43 11 28 18 12 10 4 0 30 0 0 14 38 38 0 44 0 10 42 15 23 1 0 25 24 0 0 0 0 47 8 0 9 31 22 0 25 26 22 25 0 15 0 32 45 39 44 27 
18 22 0 11 18 27 23 13 0 49 22 0 38 4 0 0 0 5 45 44 45 36 40 0 14 42 2 0 0 0 21 11 0 3 17 0 35 23 0 42 40 0 3 17 0 41 15 43 0 13 
38 11 41 34 23 45 0 0 15 0 0 34 13 31 0 16 1 10 0 27 0 0 6 0 0 32 27 33 38 0 0 10 42 35 19 0 0 11 32 4 0 0 36 0 12 0 13 1 0 21 
38 0 45 0 12 23 0 24 1 0 0 33 35 0 0 0 35 0 28 19 0 42 36 48 27 48 2 0 33 0 0 39 5 0 10 41 0 37 17 47 41 28 4 0 5 18 44 31 7 0 
1 10 33 6 41 14 28 36 0 0 16 33 31 33 0 43 0 45 9 0 0 0 26 16 0 36 13 0 45 5 11 0 32 27 36 23 2 1 28 0 12 0 15 13 0 25 37 0 2 17 
0 18 0 0 23 21 17 6 0 0 29 32 17 17 28 28 27 26 0 10 0 5 0 0 40 49 27 35 49 39 39 1 0 5 36 22 0 0 21 35 0 11 0 24 0 40 29 26 0 40 
29 0 1 0 22 0 11 35 42 6 10 38 0 30 46 22 24 30 32 42 17 6 33 24 6 9 24 14 39 41 0 0 18 0 6 47 11 7 48 46 0 40 2 31 19 10 31 0 3 0 
0 23 0 35 30 49 46 30 1 0 0 16 5 5 0 13 23 45 43 0 7 0 28 26 39 14 0 10 33 17 17 25 0 38 0 0 35 31 3 3 28 0 0 0 0 16 23 35 19 12 
0 14 27 36 14 45 0 11 0 0 0 0 19 7 10 31 23 0 0 42 18 23 21 23 0 20 0 42 24 43 0 17 0 43 47 0 29 0 0 0 0 0 0 0 0 15 23 45 16 0 
33 21 49 19 0 0 0 42 2 45 29 27 3 21 38 43 37 25 0 36 0 0 14 7 0 19 28 35 0 8 25 6 3 42 23 15 0 38 0 0 31 44 0 0 0 19 41 20 0 13 
29 4 37 2 30 27 48 0 0 34 8 20 11 45 0 1 49 0 15 37 10 0 22 20 17 48 8 0 0 26 0 45 43 0 46 23 41 0 46 6 35 0 43 0 13 33 49 5 0 4 
33 28 6 0 26 26 38 0 29 0 15 5 36 0 34 0 0 17 0 21 43 49 18 0 45 46 6 35 23 0 0 0 39 44 0 41 49 14 0 23 23 49 20 4 0 14 0 35 9 1 
0 0 14 0 0 6 43 0 37 0 0 24 42 0 0 24 23 6 42 18 42 32 0 0 0 42 2 23 43 0 0 0 5 0 38 32 0 33 39 0 36 32 29 0 23 0 48 29 22 0 
42 7 34 0 7 0 18 13 34 0 0 3 5 34 34 41 3 11 24 3 0 5 0 44 21 37 8 0 44 15 0 1 0 15 0 0 7 0 48 24 0 0 0 17 41 48 0 9 0 31 
0 48 40 22 41 46 18 1 0 15 45 23 14 37 19 18 18 7 33 0 35 0 0 16 11 46 7 2 25 0 0 0 8 14 18 32 0 46 34 0 0 0 0 31 35 1 26 49 12 10 
47 23 44 0 27 15 2 42 26 0 0 15 0 0 0 31 31 34 30 24 0 21 6 27 40 19 0 0 0 19 13 16 38 16 0 43 6 18 49 0 0 7 0 9 0 16 26 47 16 0 
0 33 15 0 0 7 0 0 0 0 24 0 0 14 0 0 0 23 43 47 38 46 37 22 10 0 27 0 0 42 26 21 8 21 15 15 27 38 42 0 25 14 0 0 0 6 7 11 36 49 
30 43 0 48 49 8 14 36 2 0 9 5 37 0 0 0 30 0 11 0 29 21 39 0 39 0 29 9 37 32 46 0 25 0 0 17 0 6 0 35 0 47 38 37 0 0 37 22 12 27 
20 0 3 13 47 10 0 40 0 0 0 30 13 0 0 0 45 6 49 10 33 38 0 32 0 49 0 0 0 46 0 42 6 12 0 0 0 0 23 12 7 19 7 0 10 0 4 20 13 42 
38 0 32 43 13 17 0 2 0 6 0 0 0 31 26 2 15 0 29 1 0 13 17 0 0 0 48 0 4 37 0 0 42 0 17 39 30 38 45 30 23 27 5 21 35 13 0 30 25 0 
43 5 18 11 26 0 37 0 46 9 0 27 20 21 37 0 0 35 24 20 40 0 0 45 26 0 2 0 17 36 37 10 24 0 0 0 12 10 8 7 31 0 46 0 0 47 0 0 16 23 
12 18 46 0 0 40 25 0 28 37 0 44 42 0 49 41 18 30 7 44 4 11 0 0 0 0 1 1 44 9 15 40 37 43 0 25 0 25 25 0 41 24 0 23 17 2 0 22 0 18 
0 35 0 31 0 0 3 4 29 0 0 34 13 0 31 30 17 6 26 45 10 23 20 0 0 0 36 0 15 28 15 25 40 34 43 33 7 14 42 23 18 34 47 0 34 16 15 0 26 0 
